Unnamed: 0,School,Overall G,Overall W,Overall L,Overall W-L%,Overall SRS,Overall SOS,Conf. W,Conf. L,Home W,Home L,Away W,Away L,Points Tm.,Points Opp.,School Totals MP,School Totals FG,School Totals FGA,School Totals FG%,School Totals 3P,School Totals 3PA,School Totals 3P%,School Totals FT,School Totals FTA,School Totals FT%,School Totals ORB,School Totals TRB,School Totals AST,School Totals STL,School Totals BLK,School Totals TOV,School Totals PF,Opponent Totals FG,Opponent Totals FGA,Opponent Totals FG%,Opponent Totals 3P,Opponent Totals 3PA,Opponent Totals 3P%,Opponent Totals FT,Opponent Totals FTA,Opponent Totals FT%,Opponent Totals ORB,Opponent Totals TRB,Opponent Totals AST,Opponent Totals STL,Opponent Totals BLK,Opponent Totals TOV,Opponent Totals PF,School Advanced Pace,School Advanced ORtg,School Advanced FTr,School Advanced 3PAr,School Advanced TS%,School Advanced TRB%,School Advanced AST%,School Advanced STL%,School Advanced BLK%,School Advanced eFG%,School Advanced TOV%,School Advanced ORB%,School Advanced FT/FGA,Opponent Advanced Pace,Opponent Advanced ORtg,Opponent Advanced FTr,Opponent Advanced 3PAr,Opponent Advanced TS%,Opponent Advanced TRB%,Opponent Advanced AST%,Opponent Advanced STL%,Opponent Advanced BLK%,Opponent Advanced eFG%,Opponent Advanced TOV%,Opponent Advanced ORB%,Opponent Advanced FT/FGA
0,Abilene Chr,31,10,21,0.32299999999999995,-17.2,-6.34,4,14,7,6,1,14,1976,2186,1240,695,1684,0.413,232,610,0.38,354,487,0.727,274,897,394,203,38,399,661,748,1558,0.48,183,509,0.36,507,737,0.688,313,1113,375,180,125,452,527,65.9,96.7,0.289,0.362,0.516,44.6,56.7,9.9,3.6,0.482,17.2,25.5,0.21,65.9,106.9,0.473,0.327,0.573,55.4,50.1,8.8,11.6,0.539,19.2,33.4,0.325
1,Air Force,31,14,17,0.452,-1.85,-0.71,6,12,11,5,1,11,2037,2017,1245,742,1565,0.474,232,625,0.371,321,487,0.659,265,930,483,195,65,366,552,694,1571,0.442,252,698,0.361,377,548,0.688,308,954,446,183,106,383,530,61.1,107.1,0.311,0.399,0.5670000000000001,49.4,65.1,10.3,7.4,0.5479999999999999,16.9,29.1,0.205,61.1,106.0,0.349,0.444,0.551,50.6,64.3,9.6,11.3,0.522,17.3,31.7,0.24
2,Akron,35,21,14,0.6,3.65,-0.47,9,9,15,3,2,9,2382,2203,1406,824,1982,0.416,328,937,0.35,406,617,0.6579999999999999,420,1249,435,230,155,422,654,750,1853,0.405,188,574,0.328,515,759,0.679,387,1223,366,242,96,443,591,64.7,104.8,0.311,0.473,0.523,50.5,52.8,10.1,12.1,0.498,15.6,33.4,0.205,64.7,96.9,0.41,0.31,0.498,49.5,48.8,10.6,9.2,0.455,16.7,31.8,0.278
3,Alabama A&M,29,9,20,0.31,-17.15,-9.62,8,10,4,7,5,12,1797,1988,1165,608,1533,0.397,166,577,0.28800000000000003,415,643,0.645,367,998,354,165,68,413,573,714,1581,0.452,151,464,0.325,409,652,0.627,360,1018,340,203,87,344,556,64.5,95.6,0.419,0.376,0.489,49.5,58.2,8.8,6.1,0.451,18.3,35.8,0.271,64.5,105.7,0.412,0.293,0.526,50.5,47.6,10.8,9.1,0.499,15.4,36.3,0.259
4,Alabama-Birmingham NCAA,36,20,16,0.556,1.94,1.62,12,6,13,4,3,8,2476,2452,1480,873,2042,0.428,202,607,0.333,528,715,0.738,434,1322,516,237,184,482,630,883,2083,0.424,217,667,0.325,469,685,0.685,435,1269,439,223,144,476,660,65.9,101.5,0.35,0.297,0.52,51.0,59.1,9.7,13.0,0.477,16.8,34.2,0.259,65.9,100.5,0.329,0.32,0.509,49.0,49.7,9.1,10.0,0.476,16.5,32.9,0.225
5,Alabama St,29,19,10,0.655,-8.97,-12.71,14,4,9,3,8,5,2090,1937,1165,761,1738,0.438,172,480,0.358,396,609,0.65,389,1151,393,184,122,397,520,691,1658,0.417,173,510,0.339,382,590,0.647,304,999,343,210,85,394,537,69.8,102.9,0.35,0.276,0.515,53.5,51.6,9.1,10.6,0.487,16.4,35.9,0.228,69.8,95.3,0.35600000000000004,0.308,0.5,46.5,49.6,10.3,6.8,0.469,16.9,28.5,0.23
6,Alabama,34,19,15,0.5589999999999999,10.52,8.09,8,10,14,5,4,8,2280,2180,1371,760,1724,0.441,221,697,0.317,539,752,0.7170000000000001,325,1122,350,219,125,407,654,735,1790,0.411,215,663,0.324,495,701,0.706,377,1137,399,175,82,416,664,63.1,105.4,0.436,0.404,0.5479999999999999,49.7,46.1,10.1,11.1,0.505,16.4,30.0,0.313,63.1,100.8,0.392,0.37,0.513,50.3,54.3,8.1,8.0,0.471,16.4,32.1,0.277
7,Albany (NY) NCAA,33,24,9,0.727,-0.34,-5.18,15,1,12,3,12,5,2156,1996,1325,729,1666,0.438,205,572,0.358,493,650,0.758,334,1111,349,187,53,381,544,697,1657,0.421,250,690,0.362,352,502,0.701,274,964,380,158,116,408,618,61.2,106.4,0.39,0.343,0.546,53.5,47.9,9.2,5.5,0.499,16.2,32.6,0.29600000000000004,61.2,98.5,0.303,0.416,0.527,46.5,54.5,7.8,10.6,0.496,17.7,26.1,0.212
8,Alcorn St,32,6,26,0.188,-20.75,-9.95,4,14,4,7,1,15,2066,2377,1280,724,1864,0.388,155,553,0.28,463,704,0.6579999999999999,376,1038,285,191,86,367,571,848,1809,0.469,195,525,0.371,486,716,0.679,369,1200,417,164,107,396,567,68.2,94.6,0.378,0.297,0.47,46.4,39.4,8.7,6.7,0.43,14.3,31.2,0.248,68.2,108.9,0.396,0.29,0.5529999999999999,53.6,49.2,7.5,8.2,0.523,15.6,35.8,0.269
9,American Univ,33,17,16,0.515,-3.56,-3.71,8,10,8,3,7,13,1938,1933,1339,683,1479,0.462,213,571,0.373,359,509,0.705,188,827,408,196,84,370,484,706,1552,0.455,173,505,0.343,348,513,0.6779999999999999,294,983,361,167,91,416,562,57.1,101.5,0.344,0.386,0.563,45.7,59.7,10.3,8.0,0.534,17.7,21.4,0.243,57.1,101.2,0.331,0.325,0.5379999999999999,54.3,51.1,8.7,10.0,0.511,18.8,31.5,0.224
10,Appalachian St,29,12,17,0.414,-9.81,-3.18,9,11,7,5,5,12,1841,2033,1160,637,1602,0.398,186,588,0.316,381,537,0.7090000000000001,329,1010,318,122,61,397,551,735,1604,0.458,152,472,0.322,411,602,0.6829999999999999,290,1014,364,180,93,332,556,66.5,95.4,0.335,0.3670000000000001,0.496,49.9,49.9,6.3,5.4,0.456,17.6,31.2,0.238,66.5,105.4,0.375,0.294,0.5379999999999999,50.1,49.5,9.3,9.2,0.506,14.9,29.9,0.256
11,Arizona St,34,18,16,0.529,9.52,6.66,9,9,15,3,3,10,2360,2263,1385,809,1818,0.445,231,660,0.35,511,766,0.667,365,1184,431,199,79,474,638,821,1821,0.451,188,519,0.362,433,621,0.6970000000000001,274,1055,422,208,144,437,701,66.0,103.3,0.421,0.363,0.541,52.9,53.3,8.7,6.1,0.509,17.8,31.8,0.281,66.0,99.0,0.341,0.285,0.535,47.1,51.4,9.1,12.4,0.502,17.1,25.1,0.238
12,Arizona NCAA,38,34,4,0.895,24.33,7.41,16,2,17,0,8,3,2911,2268,1525,1009,2068,0.488,193,536,0.36,700,974,0.7190000000000001,411,1399,528,275,131,419,681,777,1951,0.398,206,615,0.335,508,728,0.698,285,1065,370,180,97,523,791,66.5,114.7,0.471,0.259,0.575,56.8,52.3,10.8,9.8,0.535,14.2,34.5,0.338,66.5,89.4,0.373,0.315,0.494,43.2,47.6,7.1,6.3,0.451,18.5,22.4,0.26
13,Little Rock,31,13,18,0.419,-5.38,-3.81,8,12,9,7,3,9,2146,2180,1275,741,1779,0.417,219,636,0.344,445,632,0.7040000000000001,329,1063,380,174,86,326,588,749,1688,0.444,223,602,0.37,459,678,0.677,331,1143,390,145,86,419,578,65.5,102.8,0.355,0.358,0.516,48.2,51.3,8.3,7.9,0.478,13.6,28.8,0.25,65.5,104.5,0.402,0.35700000000000004,0.542,51.8,52.1,6.9,7.5,0.51,17.2,31.1,0.272
14,Ark Pine Bluff,32,12,20,0.375,-15.65,-8.61,9,9,5,4,5,13,1915,2140,1285,657,1639,0.401,204,613,0.333,397,584,0.68,326,927,323,283,108,489,623,705,1583,0.445,210,569,0.369,520,773,0.6729999999999999,392,1135,416,240,87,518,546,64.7,92.2,0.35600000000000004,0.374,0.5,45.0,49.2,13.6,10.7,0.463,20.3,30.5,0.242,64.7,103.0,0.488,0.359,0.5489999999999999,55.0,59.0,11.5,8.5,0.512,21.0,39.5,0.328
15,Arkansas St,29,11,18,0.379,-10.1,-3.81,6,14,5,9,6,9,1869,2018,1170,664,1631,0.407,169,514,0.329,372,530,0.7020000000000001,318,1038,321,154,89,390,496,716,1681,0.426,195,586,0.333,391,583,0.6709999999999999,342,1074,343,193,78,343,484,66.9,95.5,0.325,0.315,0.496,49.1,48.3,7.9,8.1,0.459,17.2,30.3,0.228,66.9,103.1,0.34700000000000003,0.349,0.515,50.9,47.9,9.9,7.0,0.484,14.9,32.2,0.233
16,Arkansas NCAA,36,27,9,0.75,14.07,6.79,13,5,17,2,7,5,2787,2525,1450,978,2196,0.445,238,681,0.349,593,819,0.7240000000000001,470,1290,579,277,168,430,684,869,2031,0.428,223,634,0.35200000000000004,564,789,0.715,433,1281,448,206,104,567,696,70.1,109.6,0.373,0.31,0.539,50.2,59.2,10.9,12.0,0.5,14.3,35.7,0.27,70.1,99.3,0.388,0.312,0.525,49.8,51.6,8.1,6.9,0.483,19.1,34.6,0.278
17,Army,30,15,15,0.5,-6.5,-4.98,6,12,7,7,7,8,2164,2163,1215,779,1768,0.441,227,697,0.326,379,557,0.68,325,1033,437,192,106,396,612,772,1684,0.458,171,482,0.355,448,673,0.6659999999999999,320,1064,423,206,107,404,561,69.0,103.2,0.315,0.394,0.532,49.3,56.1,9.2,8.8,0.505,16.3,30.4,0.214,69.0,103.2,0.4,0.28600000000000003,0.54,50.7,54.8,9.8,10.0,0.509,16.8,31.1,0.266
18,Auburn,35,15,20,0.429,3.27,8.15,4,14,9,8,2,10,2378,2523,1415,760,1880,0.404,252,727,0.34700000000000003,606,910,0.6659999999999999,356,1104,376,238,89,452,708,887,1892,0.469,205,617,0.332,544,779,0.698,382,1297,451,235,153,513,760,67.9,99.0,0.484,0.387,0.514,46.0,49.5,9.9,7.0,0.471,16.4,28.0,0.322,67.9,105.1,0.412,0.326,0.5579999999999999,54.0,50.8,9.8,13.3,0.523,18.5,33.8,0.28800000000000003
19,Austin Peay,30,8,22,0.267,-12.45,-2.81,3,13,6,7,1,14,1937,2178,1200,663,1667,0.398,155,513,0.302,456,685,0.6659999999999999,373,1043,360,191,124,428,514,758,1609,0.471,227,588,0.386,435,599,0.726,271,1029,417,240,94,424,591,68.2,94.6,0.411,0.308,0.486,50.3,54.3,9.3,12.1,0.444,17.7,33.0,0.274,68.2,106.4,0.3720000000000001,0.365,0.575,49.7,55.0,11.7,8.1,0.542,18.3,28.8,0.27
20,Ball St,30,7,23,0.233,-5.06,0.04,2,16,6,9,1,14,1961,2070,1226,669,1580,0.423,234,684,0.342,389,561,0.693,303,980,383,159,71,424,576,720,1564,0.46,183,514,0.35600000000000004,445,642,0.693,272,972,375,221,99,360,536,64.0,99.9,0.355,0.433,0.531,50.2,57.2,8.1,6.8,0.4970000000000001,18.7,30.2,0.246,64.0,105.5,0.41,0.329,0.5539999999999999,49.8,52.1,11.3,11.0,0.519,16.2,28.7,0.285
21,Baylor NCAA,34,24,10,0.706,17.85,9.33,11,7,16,2,6,5,2349,2048,1370,813,1874,0.434,236,626,0.377,487,723,0.674,497,1333,497,263,132,434,565,738,1836,0.402,196,653,0.3,376,583,0.645,376,1052,512,224,136,410,613,62.8,109.2,0.386,0.334,0.53,55.9,61.1,12.2,11.2,0.4970000000000001,16.4,42.4,0.26,62.8,95.2,0.318,0.35600000000000004,0.485,44.1,69.4,10.4,10.9,0.455,16.3,31.0,0.205
22,Belmont NCAA,33,22,11,0.667,0.35,-2.77,11,5,12,2,7,8,2450,2330,1320,858,1803,0.476,329,866,0.38,405,585,0.6920000000000001,307,1093,504,209,66,451,549,854,1889,0.452,238,692,0.344,384,539,0.7120000000000001,330,1080,433,217,117,418,624,67.5,109.9,0.324,0.48,0.589,50.3,58.7,9.4,5.5,0.5670000000000001,17.8,29.0,0.225,67.5,104.5,0.285,0.366,0.5429999999999999,49.7,50.7,9.7,12.5,0.515,16.3,29.6,0.203
23,Bethune-Cookman,32,11,21,0.344,-15.52,-10.45,7,9,6,8,4,11,1899,2003,1280,627,1567,0.4,163,542,0.301,482,672,0.7170000000000001,372,1056,264,174,84,449,623,663,1560,0.425,178,529,0.336,499,710,0.703,336,1009,353,205,102,401,583,61.3,96.7,0.429,0.34600000000000003,0.503,51.1,42.1,8.9,8.1,0.452,19.2,35.6,0.308,61.3,102.0,0.455,0.339,0.528,48.9,53.2,10.4,10.0,0.482,17.4,32.9,0.32
24,Binghamton,32,6,26,0.188,-13.45,-3.49,5,11,5,9,1,15,1845,2124,1285,633,1598,0.396,171,554,0.309,408,618,0.66,288,992,278,186,80,433,577,745,1666,0.447,238,639,0.3720000000000001,396,579,0.684,326,1124,414,197,73,419,602,63.4,90.7,0.387,0.34700000000000003,0.488,46.9,43.9,9.1,7.8,0.45,18.6,26.5,0.255,63.4,104.4,0.348,0.384,0.547,53.1,55.6,9.7,7.0,0.519,17.8,31.7,0.238
25,Boise St NCAA,34,25,9,0.735,10.01,1.38,14,4,13,1,8,5,2390,2045,1385,831,1823,0.456,297,758,0.392,431,591,0.7290000000000001,298,1119,409,206,79,348,582,730,1754,0.416,195,632,0.309,390,558,0.6990000000000001,279,1030,359,162,105,430,568,62.4,110.5,0.324,0.416,0.568,52.1,49.2,9.5,7.0,0.537,14.2,28.4,0.236,62.4,94.6,0.318,0.36,0.506,47.9,49.2,7.5,9.9,0.472,17.6,25.4,0.222
26,Boston College,32,13,19,0.406,6.32,7.94,4,14,9,8,2,7,2105,2157,1300,743,1668,0.445,207,638,0.324,412,584,0.705,263,983,421,183,86,389,607,742,1682,0.441,177,529,0.335,496,689,0.72,321,1067,397,170,106,391,569,63.9,101.4,0.35,0.382,0.541,48.0,56.7,8.8,7.5,0.507,16.7,26.1,0.247,63.9,104.0,0.41,0.315,0.537,52.0,53.5,8.2,10.3,0.494,16.3,30.8,0.295
27,Boston Univ,30,13,17,0.433,-5.63,-3.12,9,9,8,6,5,10,2037,2087,1210,668,1498,0.446,232,631,0.368,469,674,0.696,263,953,368,170,56,369,522,731,1620,0.451,242,654,0.37,381,535,0.7120000000000001,267,928,455,160,80,322,553,63.7,105.7,0.45,0.421,0.56,50.7,55.1,8.8,5.8,0.523,16.9,28.5,0.313,63.7,108.3,0.33,0.404,0.557,49.3,62.2,8.3,9.2,0.526,14.7,27.9,0.235
28,Bowling Green,33,21,12,0.636,2.93,-1.25,11,7,11,6,10,5,2196,2076,1325,778,1806,0.431,218,647,0.337,420,588,0.7140000000000001,355,1156,406,219,123,386,550,728,1764,0.413,219,663,0.33,401,573,0.7,336,1110,355,205,114,411,582,63.8,103.9,0.326,0.358,0.527,51.0,52.2,10.4,11.2,0.491,15.6,31.4,0.233,63.8,98.2,0.325,0.376,0.51,49.0,48.8,9.7,9.8,0.475,16.8,29.6,0.227
29,Bradley,33,9,24,0.273,-4.3,1.52,3,15,7,9,1,10,1882,2026,1340,639,1700,0.376,179,594,0.301,425,641,0.6629999999999999,377,1098,308,227,93,418,645,667,1559,0.428,211,589,0.358,481,701,0.6859999999999999,295,1077,399,202,116,454,562,61.1,91.9,0.377,0.349,0.469,50.5,48.2,11.1,9.6,0.429,17.3,32.5,0.25,61.1,98.9,0.45,0.378,0.535,49.5,59.8,9.9,10.5,0.496,19.4,29.0,0.309
30,Brigham Young NCAA,35,25,10,0.7140000000000001,13.53,5.02,13,5,13,3,8,3,2931,2561,1420,976,2090,0.467,300,763,0.393,679,886,0.7659999999999999,421,1349,594,257,103,417,721,894,2052,0.436,218,666,0.327,555,793,0.7,370,1185,493,231,125,456,739,70.7,116.7,0.424,0.365,0.584,53.2,60.9,10.2,7.4,0.539,14.2,34.1,0.325,70.7,102.0,0.386,0.325,0.527,46.8,55.1,9.2,9.4,0.489,15.8,28.5,0.27
31,Brown,31,13,18,0.419,-7.23,-1.99,4,10,9,6,3,11,2048,2144,1245,686,1623,0.423,175,549,0.319,501,727,0.6890000000000001,324,1129,369,139,138,460,591,758,1795,0.422,186,553,0.336,442,646,0.684,345,1079,379,248,135,348,638,67.6,97.3,0.448,0.338,0.52,51.1,53.8,6.6,11.1,0.477,18.9,30.6,0.309,67.6,101.9,0.36,0.308,0.51,48.9,50.0,11.8,12.6,0.474,14.2,30.0,0.246
32,Bryant,31,16,15,0.516,-6.28,-4.93,12,6,9,5,7,10,2058,2100,1255,709,1683,0.421,226,653,0.34600000000000003,414,552,0.75,306,1029,381,157,77,366,560,731,1711,0.4270000000000001,192,609,0.315,446,615,0.725,341,1072,384,201,111,333,519,63.8,102.9,0.328,0.388,0.529,49.0,53.7,7.9,7.0,0.488,15.8,29.5,0.246,63.8,105.0,0.359,0.35600000000000004,0.524,51.0,52.5,10.1,10.8,0.483,14.3,32.0,0.261
33,Bucknell,34,19,15,0.5589999999999999,-3.66,-2.75,13,5,12,4,6,11,2339,2346,1380,800,1828,0.438,233,605,0.385,506,726,0.6970000000000001,340,1145,446,139,95,377,631,814,1841,0.442,203,548,0.37,515,696,0.74,279,1075,385,173,148,320,652,64.1,105.8,0.397,0.331,0.5379999999999999,51.6,55.8,6.3,7.3,0.501,14.8,29.9,0.277,64.1,106.1,0.378,0.298,0.54,48.4,47.3,7.8,12.1,0.4970000000000001,12.8,25.7,0.28
34,Buffalo NCAA,33,23,10,0.6970000000000001,7.93,1.6,12,6,11,2,9,7,2462,2253,1320,837,1922,0.435,199,583,0.341,589,819,0.7190000000000001,420,1260,433,248,132,378,613,795,1881,0.423,235,713,0.33,428,645,0.664,367,1163,392,204,109,448,698,68.7,108.5,0.426,0.303,0.5329999999999999,52.0,51.7,10.9,11.3,0.487,14.1,34.5,0.306,68.7,99.3,0.343,0.379,0.515,48.0,49.3,9.0,8.1,0.485,17.0,30.4,0.228
35,Butler NCAA,34,23,11,0.6759999999999999,16.64,8.62,12,6,13,3,7,4,2346,2073,1380,814,1882,0.433,192,540,0.35600000000000004,526,767,0.6859999999999999,408,1239,387,217,103,376,592,740,1785,0.415,187,610,0.307,406,595,0.682,281,1049,374,183,151,431,654,64.2,105.9,0.408,0.287,0.522,54.2,47.5,9.8,8.8,0.484,14.3,34.7,0.279,64.2,93.5,0.333,0.342,0.501,45.8,50.5,8.3,11.3,0.467,17.2,25.3,0.227
36,Cal Poly SLO,29,13,16,0.448,-0.57,0.43,6,10,7,4,5,10,1752,1721,1170,620,1589,0.39,166,533,0.311,346,506,0.684,342,1002,295,158,87,255,465,622,1459,0.426,167,479,0.349,310,449,0.69,253,961,353,115,98,306,464,59.3,101.0,0.318,0.335,0.479,51.0,47.6,9.1,8.9,0.442,12.2,32.6,0.218,59.3,99.3,0.308,0.328,0.515,49.0,56.8,6.6,9.3,0.484,15.5,27.7,0.212
37,CS Bakersfield,33,14,19,0.424,-6.4,-5.8,7,7,9,5,3,10,2100,2028,1345,715,1703,0.42,186,554,0.336,484,669,0.723,368,1143,427,190,59,409,673,647,1572,0.412,220,606,0.363,514,737,0.6970000000000001,274,983,350,172,118,403,618,61.2,102.1,0.393,0.325,0.52,53.8,59.7,9.2,6.1,0.474,16.8,34.2,0.284,61.2,98.6,0.469,0.385,0.528,46.2,54.1,8.4,10.3,0.482,17.3,26.1,0.327
38,CS Fullerton,31,9,22,0.29,-8.58,-1.06,1,15,6,9,1,13,1991,2155,1255,698,1695,0.412,167,523,0.319,428,623,0.687,323,1088,305,156,62,391,566,742,1676,0.443,210,553,0.38,461,656,0.703,274,1059,408,182,119,345,567,65.6,96.7,0.368,0.309,0.5,50.7,43.7,7.6,5.5,0.461,16.4,29.2,0.253,65.6,104.7,0.391,0.33,0.542,49.3,55.0,8.8,10.2,0.505,14.8,26.4,0.275
39,CS Northridge,33,9,24,0.273,-6.61,0.39,4,12,7,9,1,14,2148,2325,1330,740,1742,0.425,110,337,0.326,558,729,0.765,325,1133,443,180,125,435,597,802,1853,0.433,259,717,0.361,462,658,0.7020000000000001,344,1113,448,238,91,364,617,65.9,98.0,0.418,0.193,0.514,50.4,59.9,8.2,11.0,0.456,17.2,29.7,0.32,65.9,106.1,0.355,0.387,0.537,49.6,55.9,10.9,6.5,0.503,14.4,29.9,0.249
40,UC Davis,32,25,7,0.7809999999999999,2.19,-2.58,14,2,14,0,10,6,2263,2068,1295,775,1583,0.49,274,613,0.447,439,598,0.7340000000000001,255,995,425,165,63,427,563,730,1760,0.415,209,612,0.342,399,573,0.696,377,1018,395,218,76,380,567,62.9,111.1,0.378,0.387,0.606,49.4,54.8,8.1,5.5,0.5760000000000001,18.6,28.5,0.277,62.9,101.5,0.326,0.348,0.509,50.6,54.1,10.7,7.8,0.474,15.8,33.8,0.227
41,UC-Irvine NCAA,34,21,13,0.618,3.63,0.45,11,5,10,3,6,9,2295,2113,1370,854,1851,0.461,217,558,0.389,370,541,0.684,329,1198,480,194,168,396,578,739,1878,0.394,184,542,0.339,451,650,0.6940000000000001,382,1144,364,195,96,384,568,63.7,105.2,0.292,0.301,0.544,51.2,56.2,8.9,12.6,0.52,15.8,30.2,0.2,63.7,96.8,0.34600000000000003,0.289,0.483,48.8,49.3,8.9,7.4,0.442,14.9,30.5,0.24
42,UC Riverside,31,14,17,0.452,-4.65,-1.16,7,9,12,3,2,13,2025,2050,1255,707,1691,0.418,207,603,0.343,404,592,0.682,337,1080,399,208,111,413,626,691,1628,0.424,186,487,0.382,482,676,0.713,291,1030,362,193,113,386,567,65.2,99.0,0.35,0.35700000000000004,0.513,51.2,56.4,10.2,9.7,0.479,17.3,31.3,0.239,65.2,100.2,0.415,0.299,0.526,48.8,52.4,9.4,10.4,0.482,16.5,28.1,0.29600000000000004
43,Santa Barbara,33,19,14,0.5760000000000001,3.47,0.98,11,5,12,2,4,10,2258,2112,1345,806,1836,0.439,225,602,0.374,421,572,0.736,352,1134,503,171,118,360,619,713,1729,0.412,201,583,0.345,485,664,0.73,332,1093,397,156,68,390,578,62.7,107.1,0.312,0.328,0.536,50.9,62.4,8.1,10.3,0.5,14.6,31.6,0.229,62.7,100.1,0.384,0.337,0.517,49.1,55.7,7.4,5.5,0.471,16.0,29.8,0.281
44,California,33,18,15,0.545,5.36,6.15,7,11,11,7,5,6,2195,2221,1330,821,1868,0.44,185,515,0.359,368,567,0.649,299,1170,412,137,127,365,627,783,1839,0.426,156,464,0.336,499,715,0.698,292,1141,355,168,122,317,565,66.3,99.6,0.304,0.276,0.513,50.6,50.2,6.2,9.2,0.489,14.6,26.0,0.197,66.3,100.8,0.389,0.252,0.51,49.4,45.3,7.6,9.0,0.468,12.7,25.1,0.271
45,Campbell,32,10,22,0.313,-11.13,-5.3,4,14,9,6,1,15,2045,2124,1285,705,1654,0.426,262,736,0.35600000000000004,373,597,0.625,305,988,419,226,92,403,576,738,1616,0.457,177,513,0.345,471,651,0.7240000000000001,288,1054,373,204,77,393,524,63.3,100.6,0.361,0.445,0.528,48.4,59.4,11.1,8.3,0.505,17.2,28.5,0.226,63.3,104.5,0.403,0.317,0.552,51.6,50.5,10.0,8.4,0.511,17.0,29.7,0.29100000000000004
46,Canisius,33,18,15,0.545,-0.04,-2.79,11,9,10,5,8,8,2168,2077,1330,762,1864,0.409,215,677,0.318,429,596,0.72,401,1157,465,223,108,393,608,698,1704,0.41,203,630,0.322,478,693,0.69,360,1138,420,200,114,460,558,64.2,101.5,0.32,0.363,0.505,50.4,61.0,10.4,10.1,0.466,15.5,34.0,0.23,64.2,97.2,0.407,0.37,0.511,49.6,60.2,9.4,9.6,0.469,18.5,32.3,0.281
47,Cent Arkansas,29,2,27,0.069,-22.84,-5.94,2,16,2,11,0,16,1894,2384,1160,646,1524,0.424,196,556,0.353,406,599,0.6779999999999999,273,903,361,182,114,529,604,848,1711,0.496,185,492,0.376,503,728,0.691,366,1067,449,272,106,379,534,71.3,91.6,0.393,0.365,0.524,45.8,55.9,8.8,9.4,0.488,22.6,28.0,0.266,71.3,115.3,0.425,0.28800000000000003,0.58,54.2,52.9,13.2,11.0,0.55,15.6,36.7,0.294
48,Central Conn,31,5,26,0.161,-16.56,-5.62,3,15,4,9,1,13,1834,2173,1245,674,1675,0.402,146,454,0.322,340,479,0.71,332,1046,340,153,109,425,429,822,1814,0.453,221,641,0.345,308,434,0.71,349,1093,437,203,114,315,484,64.0,92.1,0.28600000000000003,0.271,0.482,48.9,50.4,7.7,9.3,0.446,18.3,30.9,0.203,64.0,109.1,0.239,0.353,0.5379999999999999,51.1,53.2,10.2,9.3,0.514,13.5,32.8,0.17
49,UCF,30,12,18,0.4,-5.73,0.78,5,13,10,8,2,9,1981,2153,1230,704,1621,0.434,202,577,0.35,371,577,0.643,313,997,369,155,128,390,470,825,1809,0.456,195,552,0.353,306,494,0.619,394,1102,453,202,119,312,513,64.0,100.7,0.35600000000000004,0.35600000000000004,0.523,47.5,52.4,7.9,10.2,0.4970000000000001,17.1,30.7,0.229,64.0,109.5,0.273,0.305,0.527,52.5,54.9,10.3,11.4,0.51,13.2,36.5,0.16899999999999998
50,C Michigan,32,23,9,0.7190000000000001,5.56,-1.1,12,6,16,1,6,7,2504,2187,1285,848,1816,0.467,322,864,0.373,486,670,0.725,327,1080,447,226,84,325,562,780,1752,0.445,221,639,0.34600000000000003,406,608,0.6679999999999999,325,1078,361,161,88,431,627,66.6,117.0,0.369,0.476,0.5870000000000001,50.0,52.7,10.6,7.5,0.556,13.2,30.3,0.268,66.6,102.2,0.34700000000000003,0.365,0.536,50.0,46.3,7.5,9.2,0.508,17.4,30.1,0.232
51,Charleston So,31,19,12,0.613,-4.48,-5.23,13,5,13,2,6,9,2277,2130,1259,777,1846,0.421,288,845,0.341,435,633,0.687,403,1171,397,214,69,354,540,740,1696,0.436,247,683,0.362,403,570,0.7070000000000001,288,1067,379,168,120,410,559,66.5,108.8,0.343,0.458,0.53,52.3,51.1,10.2,6.8,0.499,14.2,34.1,0.236,66.5,101.8,0.336,0.403,0.542,47.7,51.2,8.0,12.0,0.509,17.3,27.3,0.238
52,Charlotte,32,14,18,0.438,1.76,0.35,7,11,7,6,5,9,2362,2317,1320,858,1853,0.463,201,533,0.377,445,685,0.65,382,1166,437,207,80,435,558,818,1861,0.44,249,683,0.365,432,616,0.701,356,1104,430,197,108,408,624,67.2,106.5,0.37,0.28800000000000003,0.542,51.4,50.9,9.3,6.8,0.517,16.6,33.8,0.24,67.2,104.5,0.331,0.3670000000000001,0.5379999999999999,48.6,52.6,8.9,8.2,0.506,15.9,31.2,0.232
53,Chattanooga,32,22,10,0.688,-1.63,-4.06,15,3,15,2,7,7,2325,2141,1305,793,1754,0.452,217,621,0.349,522,762,0.685,371,1118,384,210,203,418,620,740,1731,0.4270000000000001,164,478,0.343,497,725,0.6859999999999999,351,1076,331,187,133,431,636,66.2,107.7,0.434,0.354,0.5489999999999999,51.0,48.4,9.7,16.2,0.514,16.5,33.9,0.298,66.2,99.2,0.419,0.276,0.516,49.0,44.7,8.7,11.7,0.475,17.2,32.0,0.287
54,Chicago St,32,8,24,0.25,-14.76,-2.48,4,10,7,5,1,16,1855,2115,1285,659,1747,0.377,194,644,0.301,343,514,0.667,391,1050,295,268,93,471,680,687,1542,0.446,224,595,0.376,517,766,0.675,323,1103,403,229,110,492,526,64.5,89.5,0.294,0.369,0.466,48.8,44.8,12.9,9.8,0.433,19.1,33.4,0.196,64.5,102.0,0.4970000000000001,0.386,0.555,51.2,58.7,11.0,10.0,0.518,20.5,32.9,0.335
55,Cincinnati NCAA,34,23,11,0.6759999999999999,10.72,4.4,13,5,15,3,6,5,2113,1898,1380,761,1705,0.446,167,507,0.329,424,633,0.67,383,1178,394,222,185,432,507,700,1804,0.388,192,601,0.319,306,470,0.6509999999999999,380,1025,378,189,98,409,583,59.6,102.8,0.371,0.297,0.527,53.5,51.8,10.8,15.4,0.495,17.7,37.3,0.249,59.6,92.4,0.261,0.333,0.468,46.5,54.0,9.2,8.2,0.441,16.8,32.3,0.17
56,Citadel,30,11,19,0.3670000000000001,-12.91,-4.68,6,12,8,6,3,10,1919,2058,1210,647,1436,0.451,206,515,0.4,419,546,0.767,271,874,394,141,66,392,449,764,1611,0.474,200,586,0.341,330,460,0.7170000000000001,304,881,356,203,96,305,533,60.3,105.3,0.38,0.359,0.5660000000000001,49.8,60.9,7.7,6.4,0.522,18.8,32.0,0.292,60.3,112.9,0.28600000000000003,0.364,0.562,50.2,46.6,11.1,10.4,0.536,14.3,33.5,0.205
57,Clemson,31,16,15,0.516,7.73,7.18,8,10,11,6,3,7,1944,1927,1250,689,1685,0.409,171,572,0.299,395,579,0.682,369,1122,330,168,148,365,502,687,1710,0.402,186,567,0.328,367,533,0.6890000000000001,345,1057,360,195,92,348,552,62.8,99.1,0.344,0.339,0.496,51.5,47.9,8.6,12.9,0.46,15.7,34.1,0.234,62.8,98.3,0.312,0.332,0.491,48.5,52.4,9.9,8.3,0.456,15.1,31.4,0.215
58,Cleveland St,34,19,15,0.5589999999999999,3.07,-0.78,11,5,12,3,6,12,2296,2098,1335,794,1760,0.451,238,629,0.378,382,557,0.6859999999999999,353,1072,441,250,109,408,636,685,1622,0.422,210,580,0.362,478,707,0.6759999999999999,326,1036,401,208,93,447,529,62.3,110.4,0.316,0.35700000000000004,0.5670000000000001,50.9,55.5,12.0,10.5,0.519,16.8,33.2,0.217,62.3,100.9,0.436,0.358,0.536,49.1,58.5,10.0,8.2,0.487,18.6,31.2,0.295
59,Coastal Carolina NCAA,34,24,10,0.706,-1.02,-6.18,12,6,14,2,8,7,2438,2121,1360,836,1899,0.44,228,633,0.36,538,780,0.69,447,1338,385,240,111,399,559,724,1831,0.395,242,747,0.324,431,616,0.7,317,1063,384,196,88,403,639,65.2,110.0,0.411,0.333,0.537,55.7,46.1,10.8,10.2,0.5,15.0,37.5,0.28300000000000003,65.2,95.7,0.336,0.408,0.499,44.3,53.0,8.8,7.0,0.461,16.0,26.2,0.235
60,Colgate,33,16,17,0.485,-2.91,-3.41,12,6,10,5,6,12,2177,2125,1345,804,1661,0.484,253,649,0.39,316,453,0.698,229,994,446,170,89,379,557,760,1719,0.442,211,555,0.38,394,590,0.6679999999999999,299,1021,380,189,91,340,492,60.5,107.1,0.273,0.391,0.58,49.3,55.5,8.4,7.6,0.56,16.8,24.1,0.19,60.5,104.5,0.343,0.32299999999999995,0.531,50.7,50.0,9.3,9.0,0.503,14.5,28.1,0.229
61,Col Charleston,33,9,24,0.273,-7.23,-1.26,3,15,5,9,2,12,1934,2131,1330,686,1708,0.402,197,575,0.343,365,553,0.66,314,1064,317,182,96,397,679,702,1657,0.424,191,533,0.358,536,786,0.682,356,1180,356,180,120,377,582,61.7,94.2,0.324,0.337,0.491,47.4,46.2,8.9,8.5,0.459,16.8,27.6,0.214,61.7,103.8,0.474,0.322,0.525,52.6,50.7,8.8,10.6,0.481,15.7,32.2,0.32299999999999995
62,Colorado St,34,27,7,0.794,8.12,0.69,13,5,15,2,8,4,2454,2181,1365,837,1901,0.44,245,699,0.35100000000000003,535,794,0.674,411,1287,499,190,116,361,573,773,1832,0.422,237,651,0.364,398,607,0.6559999999999999,297,1083,401,182,84,406,693,65.3,110.1,0.418,0.368,0.539,54.3,59.6,8.5,9.8,0.505,13.7,34.3,0.281,65.3,97.8,0.331,0.355,0.514,45.7,51.9,8.2,7.0,0.487,16.1,25.3,0.217
63,Colorado,34,16,18,0.471,7.01,6.19,7,11,12,5,2,11,2345,2317,1380,812,1861,0.436,179,535,0.335,542,760,0.713,400,1269,400,194,133,450,614,807,1904,0.424,249,705,0.353,454,645,0.7040000000000001,338,1100,423,236,122,384,671,65.6,103.6,0.408,0.287,0.528,53.6,49.3,8.6,11.1,0.484,16.8,34.4,0.29100000000000004,65.6,102.3,0.339,0.37,0.524,46.4,52.4,10.4,9.2,0.489,14.8,28.0,0.238
64,Columbia,28,13,15,0.464,-0.38,-1.49,5,9,9,7,4,7,1816,1737,1120,637,1453,0.438,244,670,0.364,298,416,0.716,287,916,333,137,100,328,502,612,1417,0.4320000000000001,139,423,0.329,374,536,0.698,255,850,288,156,96,286,427,60.6,107.0,0.28600000000000003,0.461,0.55,51.9,52.3,8.1,10.1,0.522,16.6,32.5,0.205,60.6,102.4,0.378,0.299,0.52,48.1,47.1,9.2,12.3,0.481,14.6,28.8,0.264
65,Connecticut,35,20,15,0.5710000000000001,8.28,4.22,10,8,11,5,4,7,2243,2101,1405,800,1824,0.439,226,637,0.355,417,590,0.7070000000000001,331,1178,416,166,183,404,573,738,1865,0.396,209,630,0.332,416,608,0.684,373,1142,376,194,128,388,581,61.9,103.2,0.32299999999999995,0.349,0.5329999999999999,50.8,52.0,7.6,14.8,0.501,16.1,30.1,0.229,61.9,96.7,0.326,0.338,0.488,49.2,50.9,8.9,10.8,0.452,15.3,30.6,0.223
66,Coppin St,31,8,23,0.258,-17.84,-4.78,6,10,4,7,3,15,2219,2558,1240,758,1906,0.398,295,826,0.35700000000000004,408,590,0.6920000000000001,319,994,390,207,99,418,632,897,1867,0.48,215,569,0.378,549,783,0.701,408,1326,481,192,100,445,555,73.6,97.3,0.31,0.433,0.507,42.8,51.5,9.1,7.6,0.475,16.1,25.8,0.214,73.6,112.1,0.419,0.305,0.5710000000000001,57.2,53.6,8.4,9.3,0.5379999999999999,16.6,37.7,0.294
67,Cornell,30,13,17,0.433,-3.58,-1.92,5,9,8,5,5,9,1868,1838,1210,615,1558,0.395,181,579,0.313,457,610,0.7490000000000001,248,981,312,187,142,359,569,605,1556,0.389,191,583,0.328,437,634,0.6890000000000001,314,1092,334,158,85,392,525,64.4,95.9,0.392,0.3720000000000001,0.505,47.3,50.7,9.6,14.6,0.453,16.3,24.2,0.293,64.4,94.4,0.407,0.375,0.495,52.7,55.2,8.1,8.7,0.45,17.4,30.0,0.281
68,Creighton,33,14,19,0.424,7.48,7.05,4,14,9,8,3,9,2221,2207,1340,746,1776,0.42,262,759,0.345,467,644,0.725,348,1139,449,147,77,391,591,779,1781,0.4370000000000001,242,636,0.381,407,595,0.684,309,1073,428,196,112,361,613,63.3,104.8,0.363,0.4270000000000001,0.5329999999999999,51.5,60.2,6.9,6.7,0.494,15.8,31.3,0.263,63.3,104.1,0.334,0.35700000000000004,0.535,48.5,54.9,9.2,11.0,0.505,14.9,28.1,0.229
69,Dartmouth,29,14,15,0.483,-3.11,-3.32,7,7,8,4,6,11,1835,1829,1170,657,1510,0.435,173,500,0.34600000000000003,348,539,0.6459999999999999,298,949,357,222,101,373,557,610,1416,0.431,192,542,0.354,417,606,0.688,257,923,340,172,85,391,524,62.9,99.8,0.35700000000000004,0.331,0.52,50.7,54.3,12.1,11.6,0.4920000000000001,17.4,30.9,0.23,62.9,99.5,0.428,0.383,0.537,49.3,55.7,9.4,8.4,0.499,18.7,28.3,0.294
70,Davidson NCAA,32,24,8,0.75,11.97,3.19,14,4,14,1,9,4,2529,2221,1285,898,1924,0.467,343,877,0.391,390,553,0.705,335,1144,547,171,93,303,601,814,1838,0.443,181,598,0.303,412,646,0.638,351,1132,403,162,127,370,574,67.2,117.1,0.287,0.456,0.578,50.3,60.9,7.9,7.5,0.556,12.2,30.0,0.203,67.2,102.9,0.35100000000000003,0.325,0.518,49.7,49.5,7.5,12.1,0.4920000000000001,14.7,30.3,0.224
71,Dayton NCAA,36,27,9,0.75,10.98,4.06,13,5,16,0,5,6,2439,2190,1445,810,1755,0.462,239,670,0.35700000000000004,580,846,0.6859999999999999,255,1121,490,250,91,415,573,795,1901,0.418,206,635,0.324,394,582,0.677,344,1184,432,190,124,489,717,64.2,105.1,0.482,0.382,0.565,48.6,60.5,10.8,7.2,0.53,16.1,23.3,0.33,64.2,94.4,0.306,0.334,0.503,51.4,54.3,8.2,11.4,0.472,18.3,28.4,0.207
72,Delaware St,36,18,18,0.5,-10.78,-6.75,9,7,6,6,9,11,2533,2607,1445,888,2121,0.419,282,798,0.353,475,672,0.7070000000000001,424,1375,430,179,141,484,614,917,2162,0.424,264,795,0.332,509,744,0.684,428,1339,499,253,132,415,644,69.2,101.3,0.317,0.376,0.519,50.7,48.4,7.2,10.3,0.485,16.6,31.8,0.224,69.2,104.2,0.344,0.368,0.518,49.3,54.4,10.1,10.0,0.485,14.2,31.0,0.235
73,Delaware,30,10,20,0.333,-7.76,-1.69,9,9,5,8,5,10,1979,2161,1215,675,1646,0.41,199,576,0.345,430,627,0.6859999999999999,314,1061,376,128,108,367,522,755,1754,0.43,243,657,0.37,408,582,0.701,344,1119,427,197,112,311,566,65.7,99.1,0.381,0.35,0.509,48.7,55.7,6.4,9.8,0.471,15.9,28.8,0.261,65.7,108.2,0.332,0.375,0.532,51.3,56.6,9.9,10.5,0.5,13.3,31.5,0.233
74,Denver,30,12,18,0.4,-3.96,-3.13,6,10,9,7,3,10,1865,1890,1215,657,1369,0.48,224,589,0.38,327,427,0.7659999999999999,148,717,457,179,55,338,611,629,1328,0.474,147,396,0.371,485,680,0.713,239,859,305,156,66,361,478,58.2,105.5,0.312,0.43,0.593,45.5,69.6,10.1,5.9,0.562,17.7,19.3,0.239,58.2,107.0,0.512,0.298,0.5720000000000001,54.5,48.5,8.8,8.5,0.529,17.9,29.6,0.365
75,DePaul,32,12,20,0.375,3.3,7.49,6,12,9,7,3,9,2220,2354,1285,757,1739,0.435,248,705,0.35200000000000004,458,635,0.721,292,969,395,212,122,428,679,789,1715,0.46,166,532,0.312,610,835,0.731,371,1144,381,233,101,406,564,67.3,102.7,0.365,0.405,0.544,45.9,52.2,9.8,10.3,0.507,17.3,27.4,0.263,67.3,108.9,0.487,0.31,0.557,54.1,48.3,10.8,9.8,0.508,16.1,35.4,0.35600000000000004
76,Detroit,33,15,18,0.455,-2.25,0.13,7,9,10,6,3,11,2334,2335,1335,840,1889,0.445,231,602,0.384,423,619,0.6829999999999999,343,1109,444,254,112,436,687,772,1721,0.449,235,692,0.34,556,801,0.6940000000000001,319,1117,453,198,109,496,604,68.2,102.5,0.328,0.319,0.535,49.8,52.9,11.2,10.9,0.506,16.6,30.1,0.224,68.2,102.5,0.465,0.402,0.556,50.2,58.7,8.7,8.5,0.517,19.1,29.4,0.32299999999999995
77,Drake,31,9,22,0.29,-6.04,2.22,6,12,8,7,1,11,1844,2070,1250,637,1396,0.456,200,490,0.408,370,482,0.768,192,810,370,138,60,409,485,754,1582,0.477,223,575,0.388,339,484,0.7,283,910,388,201,91,312,500,58.9,100.2,0.345,0.35100000000000003,0.5670000000000001,47.1,58.1,7.5,6.0,0.528,20.1,23.4,0.265,58.9,112.4,0.306,0.363,0.5710000000000001,52.9,51.5,10.9,10.0,0.547,14.7,31.4,0.214
78,Drexel,30,11,19,0.3670000000000001,-5.71,-0.85,9,9,5,9,5,6,1787,1930,1205,614,1569,0.391,176,540,0.326,383,514,0.745,287,948,317,155,110,313,523,694,1555,0.446,165,467,0.353,377,556,0.6779999999999999,301,1039,366,162,102,344,494,61.4,96.5,0.328,0.344,0.493,47.7,51.6,8.4,10.1,0.447,14.7,28.0,0.244,61.4,104.3,0.358,0.3,0.53,52.3,52.7,8.8,9.9,0.499,15.9,31.3,0.242
79,Duke NCAA,39,35,4,0.897,24.97,9.87,15,3,15,1,9,2,3091,2502,1570,1099,2191,0.502,283,732,0.387,610,873,0.6990000000000001,445,1436,588,278,149,421,607,962,2281,0.422,199,633,0.314,379,548,0.6920000000000001,428,1227,452,216,121,481,741,65.9,119.4,0.398,0.334,0.593,53.9,53.5,10.7,9.0,0.5660000000000001,13.9,35.8,0.278,65.9,96.7,0.24,0.278,0.4920000000000001,46.1,47.0,8.3,8.3,0.465,15.9,30.2,0.166
80,Duquesne,31,12,19,0.387,-2.93,1.41,6,12,9,7,2,10,2213,2303,1245,803,1788,0.449,245,663,0.37,362,577,0.627,353,1124,466,159,104,381,558,800,1842,0.434,283,738,0.383,420,619,0.679,383,1124,517,170,97,337,534,67.2,105.9,0.32299999999999995,0.371,0.537,50.0,58.0,7.6,9.4,0.518,15.6,32.3,0.202,67.2,110.2,0.336,0.401,0.539,50.0,64.6,8.1,8.6,0.511,13.6,33.2,0.228
81,East Carolina,33,14,19,0.424,-2.84,1.0,6,12,11,5,1,11,2116,2176,1325,750,1777,0.422,233,663,0.35100000000000003,383,563,0.68,333,1048,443,208,64,379,571,786,1768,0.445,199,636,0.313,405,598,0.677,368,1153,447,196,139,405,566,63.1,101.2,0.317,0.373,0.518,47.6,59.1,10.0,5.7,0.488,15.6,29.8,0.21600000000000005,63.1,104.1,0.338,0.36,0.53,52.4,56.9,9.4,12.5,0.501,16.5,34.0,0.229
82,ETSU,30,16,14,0.5329999999999999,-4.8,-4.01,8,10,10,4,6,9,2201,2140,1210,722,1712,0.422,280,764,0.366,477,661,0.722,331,1052,382,235,83,381,611,697,1647,0.423,255,730,0.349,491,697,0.7040000000000001,338,1082,435,211,126,444,554,68.8,105.8,0.386,0.446,0.5429999999999999,49.3,52.9,11.3,9.1,0.504,15.8,30.8,0.279,68.8,102.9,0.423,0.443,0.541,50.7,62.4,10.1,13.3,0.501,18.3,31.9,0.298
83,E Illinois,33,18,15,0.545,-5.52,-2.42,9,7,9,5,7,8,2097,2136,1330,746,1696,0.44,241,643,0.375,364,558,0.652,255,1003,435,186,141,396,535,757,1818,0.416,219,642,0.341,403,565,0.713,387,1183,389,213,94,399,562,63.2,99.9,0.329,0.379,0.535,45.9,58.3,8.9,12.0,0.511,16.8,24.3,0.215,63.2,101.7,0.311,0.353,0.512,54.1,51.4,10.1,8.9,0.477,16.1,34.1,0.222
84,E Kentucky,33,21,12,0.636,-0.03,-4.16,11,5,13,4,8,7,2373,2100,1330,818,1763,0.464,299,837,0.35700000000000004,438,562,0.779,225,876,495,321,98,374,556,732,1633,0.448,257,660,0.389,379,563,0.6729999999999999,334,1100,492,199,90,612,566,65.5,108.9,0.319,0.475,0.584,44.3,60.5,14.7,10.1,0.5489999999999999,15.6,22.7,0.248,65.5,96.4,0.345,0.404,0.5529999999999999,55.7,67.2,9.1,9.7,0.527,24.4,33.9,0.232
85,E Michigan,35,21,14,0.6,1.96,-0.14,8,10,16,3,4,10,2429,2230,1415,806,1963,0.411,230,742,0.31,587,817,0.718,403,1271,371,305,157,411,659,737,1911,0.386,241,750,0.321,515,751,0.6859999999999999,432,1302,470,188,116,527,685,66.7,102.9,0.416,0.378,0.517,49.4,46.0,12.9,13.5,0.469,14.9,31.7,0.299,66.7,94.5,0.393,0.392,0.4920000000000001,50.6,63.8,8.0,9.5,0.449,18.9,33.2,0.269
86,E Washington NCAA,35,26,9,0.743,0.79,-3.84,14,4,13,2,11,6,2820,2588,1410,977,2045,0.478,344,860,0.4,522,719,0.726,351,1183,454,219,167,376,624,901,2001,0.45,279,720,0.388,507,708,0.716,363,1185,517,192,133,431,661,68.3,117.1,0.35200000000000004,0.421,0.591,50.0,46.5,9.1,13.0,0.562,13.6,29.9,0.255,68.3,107.5,0.354,0.36,0.5539999999999999,50.0,57.4,8.0,11.2,0.52,15.6,30.4,0.253
87,Elon,33,15,18,0.455,-5.91,-2.69,6,12,8,6,5,10,2329,2329,1335,807,1906,0.423,240,684,0.35100000000000003,475,695,0.6829999999999999,355,1151,394,213,45,440,691,801,1806,0.444,208,616,0.338,519,777,0.6679999999999999,349,1225,389,209,117,488,659,69.5,100.5,0.365,0.359,0.521,48.4,48.8,9.2,3.8,0.486,16.4,28.8,0.249,69.5,100.5,0.43,0.341,0.535,51.6,48.6,9.0,9.6,0.501,18.3,30.5,0.287
88,Evansville,36,24,12,0.667,3.36,-0.07,9,9,14,5,8,5,2552,2361,1455,899,1854,0.485,153,431,0.355,601,803,0.748,284,1168,574,210,129,455,619,846,1971,0.429,238,673,0.354,431,605,0.7120000000000001,345,1131,436,230,139,490,703,66.1,106.1,0.433,0.232,0.5710000000000001,50.8,63.8,8.7,9.9,0.526,16.9,26.5,0.324,66.1,98.2,0.307,0.341,0.523,49.2,51.5,9.6,9.8,0.49,17.8,28.1,0.219
89,Fairfield,31,7,24,0.226,-8.63,-2.31,5,15,4,11,2,11,1845,2041,1265,614,1578,0.389,198,614,0.322,419,585,0.716,286,979,324,154,109,396,592,713,1629,0.438,148,431,0.343,467,695,0.672,356,1118,381,204,76,360,550,62.1,93.9,0.371,0.389,0.4970000000000001,46.7,52.8,7.8,9.1,0.452,17.6,27.3,0.266,62.1,103.9,0.4270000000000001,0.265,0.521,53.3,53.4,10.4,7.9,0.483,15.5,33.9,0.287
90,F Dickinson,29,8,21,0.276,-12.22,-4.54,3,15,4,9,4,12,1956,2130,1175,681,1658,0.411,208,628,0.331,386,557,0.693,300,869,325,252,94,372,648,705,1532,0.46,184,529,0.348,536,775,0.6920000000000001,377,1145,391,190,116,462,511,67.7,98.3,0.336,0.379,0.509,43.1,47.7,12.7,9.4,0.473,16.2,28.1,0.233,67.7,107.0,0.506,0.345,0.56,56.9,55.5,9.5,11.3,0.52,19.6,39.9,0.35
91,Florida A&M,29,2,27,0.069,-26.04,-8.52,2,14,2,9,0,17,1607,2115,1160,560,1500,0.373,119,421,0.28300000000000003,368,567,0.649,281,914,241,143,62,415,518,766,1633,0.469,216,615,0.35100000000000003,367,570,0.644,348,1114,454,206,106,352,519,65.7,84.3,0.378,0.281,0.454,45.1,43.0,7.5,6.1,0.413,19.0,26.8,0.245,65.7,111.0,0.349,0.377,0.555,54.9,59.3,10.8,9.8,0.535,15.6,35.5,0.225
92,FL Atlantic,29,9,20,0.31,-7.8,-2.06,2,16,7,7,2,13,1815,1934,1165,651,1562,0.417,212,610,0.348,301,447,0.6729999999999999,265,904,297,126,99,367,522,718,1567,0.458,98,341,0.287,400,574,0.6970000000000001,298,1019,293,189,108,321,469,64.2,97.1,0.28600000000000003,0.391,0.511,47.0,45.6,6.7,8.1,0.485,17.1,26.9,0.193,64.2,103.5,0.366,0.218,0.526,53.0,40.8,10.1,11.3,0.489,14.9,31.8,0.255
93,FL Gulf Coast,33,22,11,0.667,-1.81,-4.98,11,3,14,4,6,6,2224,2085,1325,814,1883,0.4320000000000001,197,585,0.337,399,603,0.662,404,1257,467,185,127,386,559,739,1870,0.395,191,668,0.28600000000000003,416,617,0.674,385,1158,325,189,87,368,558,64.9,103.5,0.32,0.311,0.513,52.0,57.4,8.6,10.6,0.485,15.1,34.3,0.212,64.9,97.0,0.33,0.35700000000000004,0.482,48.0,44.0,8.8,6.7,0.446,14.5,31.1,0.222
94,Florida Intl,33,16,17,0.485,-7.78,-3.23,8,10,8,4,6,10,2060,2153,1335,749,1694,0.442,151,487,0.31,411,647,0.635,313,1129,374,224,150,493,613,743,1816,0.409,225,685,0.328,442,682,0.648,378,1144,428,261,119,426,562,65.5,94.3,0.382,0.287,0.515,49.7,49.9,10.3,13.3,0.487,19.8,29.0,0.243,65.5,98.5,0.376,0.377,0.503,50.3,57.6,11.9,9.9,0.471,16.6,31.7,0.243
95,Florida St,33,17,16,0.515,6.69,7.02,8,10,12,6,3,7,2199,2210,1330,763,1669,0.457,147,470,0.313,524,783,0.669,328,1109,380,181,157,478,612,766,1825,0.42,193,593,0.325,485,692,0.701,366,1069,395,205,85,393,670,65.7,100.6,0.469,0.282,0.539,50.9,49.8,8.3,12.7,0.501,19.0,31.8,0.314,65.7,101.1,0.379,0.325,0.513,49.1,51.6,9.4,7.1,0.473,15.4,31.9,0.266
96,Florida,33,16,17,0.485,13.27,9.67,8,10,11,5,2,9,2101,1982,1330,766,1763,0.434,218,674,0.32299999999999995,351,553,0.635,348,1095,431,228,118,409,558,673,1648,0.408,170,519,0.328,464,623,0.745,307,1058,348,182,130,452,521,62.8,100.6,0.314,0.382,0.519,50.9,56.3,10.9,10.5,0.496,16.8,31.7,0.199,62.8,94.9,0.378,0.315,0.51,49.1,51.7,8.7,11.9,0.46,18.9,29.1,0.282
97,Fordham,31,10,21,0.32299999999999995,-2.15,2.72,4,14,8,8,1,11,2015,2144,1245,711,1713,0.415,187,613,0.305,406,559,0.726,373,1117,390,209,119,452,582,734,1663,0.441,213,614,0.34700000000000003,463,688,0.6729999999999999,307,1024,389,228,100,388,518,66.3,97.6,0.326,0.358,0.509,52.2,54.9,10.1,11.3,0.47,18.6,34.2,0.237,66.3,103.9,0.414,0.369,0.539,47.8,53.0,11.0,9.1,0.505,16.3,29.2,0.278
98,Fresno St,32,15,17,0.469,-2.23,1.3,10,8,11,3,4,10,2086,2123,1295,725,1692,0.428,179,559,0.32,457,662,0.69,286,1010,336,250,114,358,644,718,1660,0.433,197,568,0.34700000000000003,490,707,0.693,336,1111,391,176,99,428,568,64.3,100.1,0.391,0.33,0.52,47.6,46.3,12.0,10.4,0.481,15.1,27.0,0.27,64.3,101.9,0.426,0.342,0.532,52.4,54.5,8.4,8.7,0.4920000000000001,17.7,31.7,0.295
99,Furman,33,11,22,0.333,-10.55,-3.46,5,13,7,7,1,14,2098,2245,1330,701,1636,0.428,216,658,0.328,480,717,0.669,316,1068,342,183,94,438,582,801,1784,0.449,224,632,0.354,419,634,0.6609999999999999,345,1093,448,230,123,360,610,63.1,100.0,0.438,0.402,0.531,49.4,48.8,8.7,8.2,0.494,18.1,29.7,0.293,63.1,107.0,0.355,0.354,0.5379999999999999,50.6,55.9,11.0,12.6,0.512,14.7,31.4,0.235
100,Gardner Webb,35,20,15,0.5710000000000001,-5.24,-3.11,10,8,12,2,5,11,2619,2595,1420,909,2028,0.448,288,823,0.35,513,767,0.669,387,1226,565,233,83,430,569,978,2082,0.47,230,624,0.369,409,598,0.684,375,1229,476,230,122,432,613,68.4,107.8,0.378,0.406,0.547,49.9,62.2,9.6,5.7,0.519,15.2,31.2,0.253,68.4,106.8,0.287,0.3,0.5479999999999999,50.1,48.7,9.5,10.1,0.525,15.4,30.9,0.196
101,George Mason,31,9,22,0.29,-1.43,4.6,4,14,7,8,2,9,1996,2147,1255,708,1663,0.426,130,406,0.32,450,676,0.6659999999999999,391,1113,315,187,120,445,638,712,1646,0.433,203,587,0.34600000000000003,520,727,0.715,324,1018,383,210,117,379,600,65.1,97.7,0.406,0.244,0.503,52.2,44.5,9.2,11.3,0.465,18.3,36.0,0.271,65.1,105.1,0.442,0.35700000000000004,0.539,47.8,53.8,10.3,9.3,0.494,16.0,31.0,0.316
102,G Washington,35,22,13,0.629,8.07,2.79,10,8,12,2,5,10,2354,2169,1415,827,1887,0.438,192,545,0.35200000000000004,508,754,0.674,422,1278,408,197,136,420,560,786,1945,0.404,213,667,0.319,384,563,0.682,382,1147,391,227,147,411,675,63.4,105.0,0.4,0.289,0.524,52.7,49.3,8.8,10.6,0.489,15.8,35.6,0.269,63.4,96.7,0.289,0.343,0.49,47.3,49.7,10.1,11.0,0.459,15.7,30.9,0.197
103,Georgetown NCAA,33,22,11,0.667,15.48,9.81,12,6,13,3,5,4,2340,2153,1340,799,1753,0.456,201,569,0.353,541,769,0.7040000000000001,367,1152,427,251,156,415,668,698,1716,0.407,220,608,0.362,537,756,0.71,352,1056,366,198,121,438,660,64.6,108.1,0.439,0.325,0.552,52.2,53.4,11.6,14.1,0.513,16.4,34.3,0.309,64.6,99.5,0.441,0.354,0.519,47.8,52.4,9.1,10.2,0.471,17.4,31.0,0.313
104,Ga Southern,31,22,9,0.71,-0.4,-4.72,14,6,13,2,8,6,2112,1865,1250,733,1765,0.415,234,740,0.316,412,616,0.669,391,1160,361,226,99,365,522,660,1680,0.393,190,622,0.305,355,526,0.675,348,1100,324,164,86,448,543,65.0,104.0,0.349,0.419,0.513,51.3,49.2,11.1,9.4,0.482,15.1,34.2,0.233,65.0,91.8,0.313,0.37,0.483,48.7,49.1,8.1,8.4,0.449,18.8,31.2,0.211
105,Georgia St NCAA,35,25,10,0.7140000000000001,5.47,-2.03,15,5,12,1,8,8,2499,2184,1415,902,1878,0.48,174,522,0.333,521,719,0.725,322,1116,479,321,143,366,642,709,1826,0.388,251,767,0.327,515,721,0.7140000000000001,416,1166,444,159,82,535,616,64.3,109.8,0.383,0.278,0.563,48.9,53.1,14.1,13.5,0.527,14.2,30.0,0.277,64.3,96.0,0.395,0.42,0.504,51.1,62.6,7.0,6.0,0.457,19.8,34.4,0.282
106,Georgia Tech,31,12,19,0.387,7.16,8.45,3,15,8,8,2,9,1962,2002,1260,734,1800,0.408,131,491,0.267,363,560,0.648,444,1187,362,177,104,394,516,723,1644,0.44,172,540,0.319,384,555,0.6920000000000001,258,962,393,202,122,363,539,63.9,97.4,0.311,0.273,0.475,55.2,49.3,8.8,9.4,0.444,16.0,38.7,0.202,63.9,99.4,0.338,0.328,0.525,44.8,54.4,10.0,9.3,0.4920000000000001,16.0,25.8,0.234
107,Georgia NCAA,33,21,12,0.636,12.42,8.6,11,7,12,4,8,4,2250,2124,1351,747,1730,0.4320000000000001,184,538,0.342,572,826,0.6920000000000001,360,1260,411,183,151,420,608,733,1882,0.389,207,664,0.312,451,645,0.6990000000000001,358,1117,349,202,125,365,682,64.8,102.8,0.477,0.311,0.53,53.0,55.0,8.4,12.4,0.485,16.5,32.2,0.331,64.8,97.0,0.343,0.353,0.485,47.0,47.6,9.2,10.5,0.444,14.3,28.5,0.24
108,Gonzaga NCAA,38,35,3,0.921,21.12,5.12,17,1,15,1,10,1,2989,2343,1525,1084,2083,0.52,264,660,0.4,557,806,0.691,391,1441,620,226,126,397,637,841,2154,0.39,217,657,0.33,444,667,0.6659999999999999,403,1157,368,210,89,429,746,65.2,120.3,0.387,0.317,0.606,55.5,57.2,9.1,8.4,0.584,13.9,34.1,0.267,65.2,94.3,0.31,0.305,0.474,44.5,43.8,8.5,6.3,0.441,14.8,27.7,0.206
109,Grambling,29,2,27,0.069,-30.67,-8.0,0,18,2,9,0,17,1509,2105,1160,512,1417,0.361,105,366,0.287,380,584,0.6509999999999999,294,928,225,154,52,486,551,757,1642,0.461,188,576,0.326,403,635,0.635,346,1034,424,247,97,328,483,65.7,79.2,0.412,0.258,0.445,47.3,43.9,8.1,4.9,0.398,22.3,29.9,0.268,65.7,110.4,0.387,0.35100000000000003,0.542,52.7,56.0,13.0,9.2,0.518,14.4,35.3,0.245
110,Grand Canyon,32,17,15,0.531,-6.62,-5.45,8,6,13,8,4,7,2198,2188,1280,759,1683,0.451,198,594,0.333,482,674,0.715,281,1016,388,171,99,358,627,788,1790,0.44,175,533,0.328,437,643,0.68,375,1126,365,160,83,339,628,64.7,106.2,0.4,0.353,0.5489999999999999,47.4,51.1,8.3,7.9,0.51,15.2,27.2,0.28600000000000003,64.7,105.7,0.359,0.298,0.522,52.6,46.3,7.7,7.6,0.489,13.9,33.8,0.244
111,Green Bay,33,24,9,0.727,5.7,-0.4,12,4,13,1,6,7,2252,2006,1325,829,1808,0.459,141,480,0.294,453,705,0.643,369,1178,464,245,161,391,610,697,1719,0.405,172,524,0.328,440,659,0.6679999999999999,339,1093,361,198,108,449,606,65.0,104.6,0.39,0.265,0.525,51.9,56.0,11.4,13.5,0.498,15.4,32.9,0.251,65.0,93.2,0.383,0.305,0.494,48.1,51.8,9.2,8.1,0.455,18.1,29.5,0.256
112,Hampton NCAA,35,17,18,0.486,-8.25,-7.08,8,8,6,5,5,12,2346,2387,1405,796,1959,0.406,194,638,0.304,560,859,0.652,416,1292,372,235,141,494,752,795,1924,0.413,197,581,0.339,600,876,0.685,392,1285,365,190,132,491,717,69.5,96.1,0.438,0.326,0.496,50.1,46.7,9.6,10.5,0.456,17.3,31.8,0.28600000000000003,69.5,97.7,0.455,0.302,0.51,49.9,45.9,7.8,10.0,0.464,17.3,30.9,0.312
113,Hartford,30,14,16,0.467,-8.58,-5.16,7,9,7,7,7,8,1858,1924,1215,645,1596,0.404,235,722,0.325,333,477,0.698,264,936,362,187,48,364,555,667,1503,0.444,169,530,0.319,421,623,0.6759999999999999,280,1045,348,172,91,409,509,63.4,96.5,0.299,0.452,0.51,47.2,56.1,9.7,4.9,0.478,16.6,25.7,0.209,63.4,99.9,0.415,0.353,0.535,52.8,52.2,8.9,10.4,0.5,18.5,29.4,0.28
114,Harvard NCAA,30,22,8,0.733,4.47,-0.25,12,3,12,2,9,4,1926,1727,1220,671,1548,0.433,146,412,0.354,438,609,0.7190000000000001,316,1025,384,213,135,349,472,614,1519,0.404,164,492,0.333,335,497,0.674,280,929,321,157,87,386,541,61.2,103.2,0.393,0.266,0.524,52.5,57.2,11.4,13.1,0.481,16.0,32.7,0.28300000000000003,61.2,92.6,0.327,0.324,0.4920000000000001,47.5,52.3,8.4,7.7,0.458,18.0,28.3,0.221
115,Hawaii,35,22,13,0.629,2.65,-0.83,8,8,13,5,3,5,2551,2387,1410,901,2056,0.438,226,702,0.322,523,762,0.6859999999999999,421,1231,465,337,139,467,712,790,1913,0.413,224,658,0.34,583,806,0.723,415,1268,440,206,100,583,686,69.9,103.5,0.371,0.341,0.528,49.3,51.6,13.7,11.1,0.493,16.2,33.0,0.254,69.9,96.9,0.421,0.344,0.52,50.7,55.7,8.4,7.4,0.472,20.3,33.9,0.305
116,High Point,33,23,10,0.6970000000000001,-2.47,-4.61,13,5,12,2,9,7,2407,2231,1370,862,1816,0.475,206,535,0.385,477,649,0.735,323,1086,487,206,94,376,515,791,1817,0.435,250,714,0.35,399,568,0.7020000000000001,345,1071,401,226,83,443,604,63.7,110.4,0.35700000000000004,0.295,0.5670000000000001,50.3,56.5,9.4,8.5,0.531,15.0,30.8,0.263,63.7,102.3,0.313,0.393,0.535,49.7,50.7,10.4,6.5,0.504,17.5,31.1,0.22
117,Hofstra,34,20,14,0.588,3.78,-4.46,10,8,8,7,10,6,2668,2388,1370,902,2013,0.448,303,837,0.362,561,801,0.7,402,1240,525,254,90,379,650,827,1889,0.438,216,637,0.339,518,731,0.7090000000000001,333,1161,450,169,106,465,662,69.2,112.6,0.398,0.416,0.557,51.6,58.2,10.7,7.2,0.523,13.7,32.7,0.279,69.2,100.8,0.387,0.337,0.534,48.4,54.4,7.1,9.0,0.495,17.2,28.4,0.274
118,Holy Cross,30,14,16,0.467,-6.23,-3.82,8,10,10,4,3,12,1981,2020,1220,692,1643,0.421,189,557,0.339,406,568,0.715,305,930,334,228,143,328,582,702,1496,0.469,180,483,0.373,436,610,0.715,260,980,407,155,98,421,514,63.6,102.1,0.34600000000000003,0.339,0.518,48.7,48.3,11.7,14.1,0.479,14.6,29.8,0.247,63.6,104.1,0.408,0.32299999999999995,0.5660000000000001,51.3,58.0,8.0,9.0,0.529,19.1,29.4,0.29100000000000004
119,Houston Bap,28,12,16,0.429,-13.18,-5.63,7,11,10,3,2,13,2028,2063,1126,728,1596,0.456,129,399,0.32299999999999995,443,611,0.725,366,1061,348,166,115,429,585,700,1577,0.444,178,495,0.36,485,682,0.711,296,884,355,205,109,345,551,69.3,104.0,0.383,0.25,0.5379999999999999,54.6,47.8,8.5,10.6,0.4970000000000001,18.5,38.4,0.278,69.3,105.8,0.4320000000000001,0.314,0.5429999999999999,45.4,50.7,10.5,9.1,0.5,15.4,29.9,0.308
120,Houston,32,13,19,0.406,-2.06,-0.91,4,14,9,8,2,9,2060,2097,1300,705,1795,0.393,259,809,0.32,391,575,0.68,403,1129,376,184,121,425,565,758,1743,0.435,195,579,0.337,386,579,0.667,368,1164,422,221,100,412,552,63.9,99.2,0.32,0.451,0.498,49.2,53.3,8.9,10.4,0.465,17.0,33.6,0.218,63.9,101.0,0.332,0.332,0.52,50.8,55.7,10.6,10.1,0.491,17.0,33.6,0.221
121,Howard,32,16,16,0.5,-9.89,-7.86,10,6,9,3,7,12,2032,2004,1300,695,1621,0.429,149,501,0.297,493,705,0.6990000000000001,353,1110,270,242,130,517,596,659,1697,0.388,211,669,0.315,475,681,0.698,380,1060,387,191,105,454,599,64.8,96.4,0.435,0.309,0.519,51.2,38.8,11.5,12.6,0.475,20.9,34.2,0.304,64.8,95.1,0.401,0.394,0.496,48.8,58.7,9.1,9.4,0.451,18.3,33.4,0.28
122,Idaho St,30,7,23,0.233,-11.52,-5.45,4,14,6,7,1,14,1937,2075,1205,699,1588,0.44,148,420,0.35200000000000004,391,601,0.6509999999999999,302,972,337,207,77,355,526,704,1614,0.436,252,686,0.3670000000000001,415,560,0.741,316,1025,434,140,111,365,570,64.0,100.5,0.378,0.264,0.517,48.7,48.2,10.7,8.3,0.487,15.9,29.9,0.246,64.0,107.6,0.34700000000000003,0.425,0.552,51.3,61.6,7.3,9.5,0.514,16.3,32.0,0.257
123,Idaho,30,13,17,0.433,-5.75,-4.79,8,10,11,3,2,12,2301,2269,1220,805,1726,0.466,236,572,0.413,455,642,0.7090000000000001,312,1086,405,140,57,360,634,764,1700,0.449,265,751,0.353,476,695,0.685,277,966,396,151,86,326,573,68.2,110.7,0.3720000000000001,0.331,0.5660000000000001,52.9,50.3,6.7,6.0,0.535,15.1,31.2,0.264,68.2,109.1,0.409,0.442,0.5589999999999999,47.1,51.8,7.3,7.5,0.527,13.8,26.4,0.28
124,IL Chicago,34,10,24,0.294,-7.86,-0.36,4,12,7,9,2,11,2201,2389,1365,724,1870,0.387,204,629,0.324,549,745,0.737,391,1142,413,205,92,375,609,857,1794,0.478,208,526,0.395,467,679,0.688,301,1167,534,186,159,403,673,64.8,99.5,0.398,0.336,0.495,49.5,57.0,9.3,7.3,0.442,14.4,31.1,0.294,64.8,108.0,0.378,0.293,0.564,50.5,62.3,8.4,12.8,0.536,16.0,28.6,0.26
125,Illinois St,35,22,13,0.629,7.96,2.87,11,7,11,5,7,6,2385,2170,1415,846,1945,0.435,212,615,0.345,481,674,0.7140000000000001,439,1256,408,254,152,449,662,744,1795,0.414,193,595,0.324,489,709,0.69,343,1109,433,211,96,472,620,64.1,105.2,0.34700000000000003,0.316,0.526,53.1,48.2,11.2,12.7,0.489,16.5,36.4,0.247,64.1,95.7,0.395,0.331,0.509,46.9,58.2,9.3,7.2,0.468,18.1,29.6,0.272
126,Illinois,33,19,14,0.5760000000000001,12.42,6.93,9,9,14,3,2,9,2281,2100,1330,786,1903,0.413,238,670,0.355,471,593,0.794,351,1134,389,208,105,328,577,751,1784,0.421,211,642,0.329,387,542,0.7140000000000001,304,1115,385,160,109,425,549,65.0,105.5,0.312,0.35200000000000004,0.522,50.4,49.5,9.6,9.2,0.476,13.1,30.2,0.248,65.0,97.1,0.304,0.36,0.514,49.6,51.3,7.4,8.8,0.48,17.2,28.0,0.217
127,Incarnate Word,29,18,11,0.621,-6.15,-6.47,10,8,11,3,7,8,2298,2180,1190,773,1647,0.469,204,550,0.371,548,747,0.7340000000000001,267,969,382,229,128,329,538,777,1724,0.451,179,506,0.354,447,619,0.722,326,1040,415,166,97,383,609,69.6,111.1,0.454,0.334,0.574,48.2,49.4,11.1,10.5,0.531,14.1,27.2,0.333,69.6,105.4,0.359,0.294,0.54,51.8,53.4,8.0,8.8,0.503,16.0,31.7,0.259
128,Indiana St,31,15,16,0.484,-0.49,1.21,11,7,10,6,5,7,2060,2101,1265,681,1601,0.425,225,631,0.35700000000000004,473,674,0.7020000000000001,271,1008,398,175,98,437,562,724,1699,0.426,198,517,0.383,455,621,0.733,329,1082,364,238,96,425,597,66.0,98.6,0.421,0.394,0.536,48.2,58.4,8.4,8.3,0.496,18.5,26.5,0.295,66.0,100.6,0.366,0.304,0.527,51.8,50.3,11.4,9.9,0.484,17.6,30.9,0.268
129,Indiana NCAA,34,20,14,0.588,12.94,7.2,9,9,15,4,3,6,2633,2438,1365,923,1989,0.464,319,786,0.406,468,651,0.7190000000000001,407,1224,473,170,108,392,606,900,1986,0.453,196,604,0.325,442,651,0.679,374,1122,428,209,146,364,623,66.9,115.3,0.327,0.395,0.573,52.2,51.2,7.4,7.8,0.544,14.6,35.2,0.235,66.9,106.7,0.328,0.304,0.531,47.8,47.6,9.2,12.1,0.503,13.7,31.4,0.223
130,Iona,35,26,9,0.743,3.71,-2.52,17,3,13,0,10,8,2782,2564,1405,950,2051,0.463,344,869,0.396,538,768,0.701,348,1260,573,226,135,427,605,937,2208,0.424,250,705,0.355,440,630,0.698,454,1320,507,208,131,415,654,70.6,112.1,0.374,0.424,0.5760000000000001,48.8,60.3,9.1,9.0,0.547,15.0,28.7,0.262,70.6,103.3,0.285,0.319,0.511,51.2,54.1,8.4,11.1,0.481,14.2,33.2,0.199
131,Iowa St NCAA,34,25,9,0.735,17.94,9.15,12,6,15,1,6,5,2645,2346,1360,940,1973,0.476,263,726,0.362,502,721,0.696,323,1221,546,218,133,375,527,866,2081,0.416,248,715,0.34700000000000003,366,499,0.733,377,1196,482,193,114,440,643,69.8,111.4,0.365,0.368,0.5710000000000001,50.5,58.1,9.2,9.7,0.5429999999999999,13.9,28.3,0.254,69.8,98.8,0.24,0.344,0.506,49.5,55.7,8.1,9.1,0.476,16.0,29.6,0.17600000000000002
132,Iowa NCAA,34,22,12,0.647,15.83,8.39,12,6,14,4,7,4,2372,2119,1370,821,1905,0.431,192,576,0.333,538,723,0.7440000000000001,422,1274,482,218,158,377,536,754,1903,0.396,227,696,0.326,384,553,0.6940000000000001,371,1136,411,200,121,417,607,64.5,107.4,0.38,0.302,0.527,52.9,58.7,9.9,13.1,0.481,14.4,35.6,0.282,64.5,96.0,0.29100000000000004,0.366,0.489,47.1,54.5,9.1,9.1,0.456,16.1,30.3,0.202
133,Purdue-Fort Wayne,31,16,15,0.516,-3.13,-3.41,9,7,10,5,6,9,2171,2081,1240,754,1603,0.47,221,619,0.35700000000000004,442,645,0.685,242,1001,444,178,92,365,502,773,1733,0.446,208,591,0.35200000000000004,327,457,0.716,272,990,370,164,91,345,585,65.4,107.1,0.402,0.386,0.569,50.3,58.9,8.8,8.1,0.539,16.0,25.2,0.276,65.4,102.6,0.264,0.341,0.534,49.7,47.9,8.1,9.2,0.506,15.0,26.4,0.189
134,IUPUI,31,10,21,0.32299999999999995,-8.28,-1.93,6,10,5,8,5,12,1883,2080,1275,692,1623,0.426,126,426,0.29600000000000004,373,532,0.701,318,1009,348,218,65,482,635,714,1575,0.453,189,492,0.384,463,659,0.703,273,976,366,258,129,426,538,64.0,92.3,0.328,0.262,0.502,50.8,50.3,10.7,6.0,0.465,20.4,31.1,0.23,64.0,102.0,0.418,0.312,0.551,49.2,51.3,12.6,10.8,0.513,18.4,28.3,0.294
135,Jackson St,32,11,21,0.344,-12.36,-9.52,9,9,6,6,5,14,1941,2032,1290,701,1812,0.387,153,558,0.274,386,597,0.647,460,1188,324,203,81,459,695,639,1511,0.423,192,563,0.341,562,817,0.688,285,1045,346,223,138,475,554,64.9,92.8,0.329,0.308,0.463,53.2,46.2,9.7,8.5,0.429,18.0,37.7,0.213,64.9,97.1,0.541,0.373,0.535,46.8,54.1,10.7,11.0,0.486,20.0,28.1,0.3720000000000001
136,Jacksonville St,31,12,19,0.387,-12.65,-4.52,5,11,11,3,1,16,1939,2126,1255,647,1698,0.381,179,598,0.299,466,651,0.716,346,1043,371,191,129,377,606,753,1680,0.448,175,502,0.349,445,667,0.667,356,1163,417,186,126,388,580,64.8,95.3,0.383,0.35200000000000004,0.483,47.3,57.3,9.4,11.0,0.434,15.8,30.0,0.274,64.8,104.5,0.397,0.299,0.532,52.7,55.4,9.1,11.5,0.5,16.3,33.8,0.265
137,Jacksonville,32,10,22,0.313,-16.7,-6.46,4,10,8,7,2,15,2058,2303,1300,701,1710,0.41,203,566,0.359,453,685,0.6609999999999999,317,1008,341,207,79,394,578,805,1727,0.466,235,657,0.358,458,652,0.7020000000000001,336,1141,447,190,126,421,572,65.1,97.2,0.401,0.331,0.506,46.9,48.6,9.8,7.4,0.469,16.2,28.3,0.265,65.1,108.8,0.378,0.38,0.565,53.1,55.5,9.0,11.0,0.534,17.1,32.7,0.265
138,James Madison,33,19,14,0.5760000000000001,-2.65,-1.53,12,6,12,7,7,6,2217,2254,1325,748,1660,0.451,228,613,0.3720000000000001,493,700,0.7040000000000001,299,1067,419,212,78,431,531,796,1832,0.434,248,695,0.35700000000000004,414,584,0.7090000000000001,361,1093,452,218,113,381,613,64.2,104.2,0.422,0.369,0.556,49.4,56.0,10.0,6.9,0.519,17.8,29.0,0.297,64.2,106.0,0.319,0.379,0.534,50.6,56.8,10.2,10.8,0.502,15.3,32.0,0.226
139,Kansas St,32,15,17,0.469,8.48,9.29,8,10,13,4,1,10,2016,2042,1285,690,1593,0.433,141,421,0.335,495,732,0.6759999999999999,338,1015,417,195,74,424,639,716,1613,0.444,172,514,0.335,438,661,0.6629999999999999,311,969,398,239,136,409,614,63.1,99.5,0.46,0.264,0.519,51.2,60.4,9.6,6.7,0.477,17.9,33.9,0.311,63.1,100.8,0.41,0.319,0.53,48.8,55.6,11.8,11.6,0.4970000000000001,17.5,31.5,0.272
140,Kansas NCAA,36,27,9,0.75,18.47,12.13,13,5,15,0,5,5,2561,2333,1445,869,1976,0.44,213,562,0.379,610,842,0.7240000000000001,426,1364,475,237,175,463,639,825,2084,0.396,210,666,0.315,473,704,0.672,434,1227,402,236,180,421,695,66.7,106.3,0.426,0.284,0.539,52.6,54.7,9.8,12.3,0.494,16.3,34.9,0.309,66.7,96.8,0.338,0.32,0.482,47.4,48.7,9.8,12.7,0.446,14.8,31.6,0.227
141,Kennesaw St,32,10,22,0.313,-17.33,-5.1,4,10,6,8,3,14,2027,2363,1280,717,1775,0.404,214,661,0.324,379,518,0.732,343,1094,331,173,110,455,567,841,1873,0.449,211,638,0.331,470,671,0.7,401,1200,419,220,106,352,504,66.8,94.8,0.292,0.3720000000000001,0.501,47.7,46.2,8.1,8.9,0.464,18.4,30.0,0.214,66.8,110.5,0.358,0.341,0.539,52.3,49.8,10.3,9.5,0.505,13.8,34.8,0.251
142,Kent,35,23,12,0.657,2.04,-0.94,12,6,11,4,10,6,2313,2202,1420,797,1868,0.4270000000000001,250,693,0.361,469,713,0.6579999999999999,405,1222,368,177,133,393,645,760,1856,0.409,176,552,0.319,506,721,0.7020000000000001,390,1180,366,188,103,404,629,62.1,104.9,0.382,0.371,0.524,50.9,46.2,8.0,10.2,0.494,15.1,33.9,0.251,62.1,99.9,0.388,0.297,0.501,49.1,48.2,8.5,8.8,0.457,15.5,32.3,0.273
143,Kentucky NCAA,39,38,1,0.974,28.72,8.67,18,0,19,0,10,0,2900,2118,1575,1006,2150,0.468,203,582,0.349,685,943,0.726,491,1482,553,253,268,408,665,750,2116,0.354,175,646,0.271,443,672,0.659,463,1215,301,182,94,533,778,63.8,115.5,0.439,0.271,0.5579999999999999,54.9,55.0,10.1,18.2,0.515,13.6,39.5,0.319,63.8,84.4,0.318,0.305,0.435,45.1,40.1,7.3,6.0,0.396,18.0,31.8,0.209
144,La Salle,33,17,16,0.515,4.85,3.91,8,10,10,5,6,7,2086,2055,1340,738,1757,0.42,166,517,0.321,444,640,0.6940000000000001,332,1126,398,211,120,429,582,732,1781,0.411,166,525,0.316,425,613,0.693,353,1144,407,221,114,434,566,64.3,96.8,0.364,0.294,0.506,49.6,53.9,9.8,9.6,0.467,17.2,29.6,0.253,64.3,95.3,0.344,0.295,0.496,50.4,55.6,10.3,9.2,0.458,17.3,30.8,0.239
145,Lafayette NCAA,33,20,13,0.606,-3.37,-3.12,9,9,11,5,9,7,2426,2409,1325,872,1799,0.485,261,640,0.408,421,549,0.767,282,1017,514,181,83,366,515,886,1921,0.461,274,720,0.381,363,521,0.6970000000000001,378,1090,459,198,103,362,547,64.8,112.9,0.305,0.35600000000000004,0.589,48.3,58.9,8.4,6.9,0.557,15.1,28.4,0.234,64.8,112.2,0.271,0.375,0.555,51.7,51.8,9.2,8.9,0.5329999999999999,14.3,34.0,0.189
146,Lamar,30,15,15,0.5,-9.75,-5.29,9,9,12,2,2,13,2146,2132,1205,750,1658,0.452,169,532,0.318,477,701,0.68,376,1063,392,224,115,465,623,723,1598,0.452,197,555,0.355,489,716,0.6829999999999999,319,989,426,231,100,449,565,68.8,103.5,0.423,0.321,0.539,51.8,52.3,10.8,11.0,0.503,18.9,35.9,0.28800000000000003,68.8,102.8,0.448,0.34700000000000003,0.55,48.2,58.9,11.1,8.9,0.514,18.8,31.7,0.306
147,Lehigh,30,16,14,0.5329999999999999,-3.0,-3.55,10,8,8,6,8,7,2042,2000,1215,724,1640,0.441,164,475,0.345,430,593,0.725,294,1085,429,168,97,393,531,696,1735,0.401,236,695,0.34,372,543,0.685,342,1041,433,205,83,356,517,66.3,101.4,0.362,0.29,0.531,51.0,59.3,8.3,9.3,0.491,17.0,29.6,0.262,66.3,99.3,0.313,0.401,0.502,49.0,62.2,10.2,7.1,0.469,15.2,30.2,0.214
148,Liberty,32,8,24,0.25,-16.01,-6.44,2,16,8,8,0,13,2045,2222,1285,717,1658,0.4320000000000001,154,472,0.326,457,650,0.703,341,1132,358,175,86,522,602,745,1780,0.419,254,743,0.342,476,702,0.6779999999999999,364,1074,379,264,86,389,599,66.7,95.4,0.392,0.285,0.52,51.3,49.9,8.2,8.3,0.479,21.0,32.4,0.276,66.7,103.7,0.394,0.417,0.526,48.7,50.9,12.3,7.3,0.49,15.5,31.5,0.267
149,Lipscomb,31,14,17,0.452,-10.82,-5.15,7,7,10,3,4,14,2232,2322,1255,741,1769,0.419,253,770,0.329,497,715,0.695,345,1112,432,175,61,412,662,764,1701,0.449,262,699,0.375,532,795,0.669,321,1128,444,198,123,406,623,69.2,102.9,0.404,0.435,0.529,49.6,58.3,8.1,6.1,0.49,16.3,29.9,0.281,69.2,107.0,0.467,0.411,0.5589999999999999,50.4,58.1,9.1,12.3,0.526,16.3,29.5,0.313
150,Cal St Long Beach,33,16,17,0.485,1.64,4.16,10,6,10,2,4,13,2188,2221,1330,761,1809,0.421,230,672,0.342,436,638,0.6829999999999999,370,1126,369,216,78,445,636,765,1801,0.425,225,682,0.33,466,662,0.7040000000000001,391,1178,420,219,123,462,609,65.8,100.0,0.353,0.371,0.518,48.9,48.5,9.9,7.0,0.484,17.4,32.0,0.241,65.8,101.6,0.368,0.379,0.525,51.1,54.9,10.0,10.8,0.487,17.9,34.1,0.259
151,Long Island,30,12,18,0.4,-9.09,-5.32,8,10,5,6,6,9,2022,2135,1230,677,1726,0.392,195,601,0.324,473,687,0.6890000000000001,368,1121,346,171,75,411,605,760,1755,0.433,178,585,0.304,437,625,0.6990000000000001,339,1145,392,182,131,381,634,68.1,96.5,0.398,0.348,0.493,49.5,51.1,8.2,6.4,0.449,16.7,31.3,0.274,68.1,101.9,0.35600000000000004,0.333,0.52,50.5,51.6,8.7,11.6,0.484,15.7,31.0,0.249
152,Longwood,34,11,23,0.324,-12.96,-5.53,5,13,6,7,2,14,2311,2491,1380,809,1899,0.426,275,746,0.369,418,580,0.721,324,1071,397,270,106,489,671,838,1844,0.454,250,674,0.371,565,830,0.6809999999999999,409,1270,467,282,120,505,550,67.7,98.9,0.305,0.393,0.531,45.7,49.1,11.6,9.1,0.498,18.4,27.3,0.22,67.7,106.6,0.45,0.366,0.556,54.3,55.7,12.1,10.4,0.522,18.4,35.4,0.306
153,Louisiana,36,22,14,0.611,0.82,-3.61,13,7,12,4,8,8,2789,2520,1450,975,2125,0.459,240,670,0.358,599,848,0.706,452,1421,529,239,145,525,665,897,2107,0.426,202,627,0.322,524,767,0.6829999999999999,368,1191,385,247,130,486,696,71.6,107.5,0.399,0.315,0.552,54.4,54.3,9.2,9.8,0.515,17.2,35.5,0.282,71.6,97.1,0.364,0.298,0.51,45.6,42.9,9.5,8.9,0.474,16.4,27.5,0.249
154,ULM,38,24,14,0.632,-1.99,-2.88,14,6,14,4,9,7,2454,2299,1540,923,2162,0.4270000000000001,192,634,0.303,416,583,0.7140000000000001,436,1400,497,197,153,439,578,820,2116,0.388,222,748,0.297,437,609,0.718,402,1277,420,203,121,441,563,63.5,100.5,0.27,0.293,0.503,52.3,53.8,8.1,11.2,0.471,15.3,33.3,0.192,63.5,94.1,0.28800000000000003,0.353,0.478,47.7,51.2,8.3,7.9,0.44,15.5,29.4,0.207
155,Louisiana St NCAA,33,22,11,0.667,11.39,5.63,11,7,13,4,8,3,2423,2233,1350,892,1962,0.455,189,558,0.339,450,658,0.684,401,1294,516,240,204,476,516,824,2052,0.402,185,599,0.309,400,604,0.662,438,1219,386,264,123,450,584,69.6,103.1,0.335,0.284,0.5329999999999999,51.5,57.8,10.2,14.0,0.503,17.3,33.9,0.229,69.6,95.0,0.294,0.292,0.477,48.5,46.8,11.2,8.8,0.447,16.1,32.9,0.195
156,Louisiana Tech,36,27,9,0.75,5.75,-1.34,15,3,17,0,9,8,2632,2362,1451,945,2112,0.447,248,756,0.328,494,716,0.69,375,1210,504,303,207,390,597,861,2044,0.421,201,595,0.338,439,637,0.6890000000000001,450,1369,430,218,121,561,640,67.9,106.9,0.339,0.358,0.537,46.9,53.3,12.3,14.3,0.506,13.7,29.0,0.234,67.9,95.9,0.312,0.29100000000000004,0.503,53.1,49.9,8.9,8.9,0.47,19.3,35.0,0.215
157,Louisville NCAA,36,27,9,0.75,18.12,8.98,12,6,15,4,7,3,2483,2154,1450,878,2048,0.429,198,644,0.307,529,792,0.6679999999999999,454,1351,419,283,192,408,623,767,1958,0.392,189,623,0.303,431,652,0.6609999999999999,400,1256,424,206,99,506,692,65.6,104.5,0.387,0.314,0.512,51.8,47.7,11.9,14.4,0.477,14.4,34.7,0.258,65.6,90.7,0.333,0.318,0.475,48.2,55.3,8.7,7.1,0.44,18.2,30.8,0.22
158,Loyola-Chicago,37,24,13,0.649,2.35,0.46,8,10,13,6,8,6,2324,2235,1485,841,1776,0.474,224,571,0.392,418,608,0.688,291,1078,489,240,84,466,568,818,1893,0.4320000000000001,226,704,0.321,373,551,0.677,373,1120,442,236,122,462,616,60.4,103.7,0.342,0.322,0.563,49.0,58.1,10.7,7.1,0.537,18.4,28.0,0.235,60.4,99.7,0.29100000000000004,0.3720000000000001,0.519,51.0,54.0,10.5,10.1,0.4920000000000001,17.7,32.2,0.197
159,Loy Marymount,31,8,23,0.258,-4.13,5.28,4,14,5,9,2,11,1928,2188,1250,678,1622,0.418,160,452,0.354,412,580,0.71,351,1011,388,188,108,422,540,766,1672,0.458,252,647,0.389,404,572,0.706,337,1027,515,226,105,356,550,62.9,98.1,0.358,0.279,0.508,49.6,57.2,9.6,10.5,0.467,18.2,33.7,0.254,62.9,111.3,0.342,0.387,0.563,50.4,67.2,11.5,9.0,0.5329999999999999,15.5,33.8,0.242
160,Loyola MD,30,11,19,0.3670000000000001,-10.75,-3.38,7,11,7,6,3,13,1764,1985,1229,607,1591,0.382,148,456,0.325,402,599,0.6709999999999999,346,1047,290,166,92,388,594,676,1527,0.443,166,504,0.329,467,685,0.682,279,1010,358,181,158,337,533,62.3,92.2,0.376,0.287,0.47,50.9,47.8,8.7,9.0,0.428,17.1,32.1,0.253,62.3,103.7,0.449,0.33,0.536,49.1,53.0,9.5,13.9,0.4970000000000001,15.4,28.5,0.306
161,Maine,30,3,27,0.1,-17.8,-3.4,2,14,2,9,1,17,1812,2244,1210,647,1599,0.405,197,609,0.32299999999999995,321,442,0.726,238,881,393,179,32,432,554,804,1639,0.491,225,598,0.376,411,602,0.6829999999999999,300,1083,458,233,99,382,472,66.3,90.4,0.276,0.381,0.501,44.9,60.7,8.9,3.1,0.466,19.3,23.3,0.201,66.3,111.9,0.3670000000000001,0.365,0.583,55.1,57.0,11.6,10.0,0.5589999999999999,16.6,31.8,0.251
162,Manhattan NCAA,33,19,14,0.5760000000000001,-1.34,-3.34,13,7,9,2,5,9,2300,2234,1340,756,1748,0.4320000000000001,215,640,0.336,573,829,0.691,345,1065,460,264,92,481,758,736,1683,0.4370000000000001,148,457,0.324,614,880,0.698,357,1128,440,227,127,545,725,68.2,100.7,0.474,0.366,0.537,48.6,60.8,11.6,7.5,0.494,18.3,30.9,0.328,68.2,97.9,0.523,0.272,0.532,51.4,59.8,9.9,11.5,0.481,20.6,33.1,0.365
163,Marist,32,7,25,0.219,-10.55,-2.93,5,15,3,9,2,13,1957,2201,1280,649,1629,0.398,226,717,0.315,433,619,0.7,230,936,336,223,90,436,571,773,1762,0.439,201,608,0.331,452,647,0.6990000000000001,388,1245,441,230,91,441,604,66.4,92.1,0.38,0.44,0.509,42.9,51.8,10.5,7.8,0.468,18.5,21.2,0.266,66.4,103.5,0.3670000000000001,0.345,0.532,57.1,57.1,10.8,10.0,0.496,17.6,35.5,0.257
164,Marquette,32,13,19,0.406,7.08,9.02,4,14,9,8,1,9,2083,2145,1290,742,1699,0.4370000000000001,207,602,0.344,392,608,0.645,306,1000,479,241,111,402,505,762,1787,0.426,234,650,0.36,387,542,0.7140000000000001,398,1147,478,200,124,438,577,64.6,100.0,0.358,0.354,0.524,46.6,64.6,11.6,9.8,0.498,16.8,29.0,0.231,64.6,102.9,0.303,0.364,0.525,53.4,62.7,9.6,11.3,0.4920000000000001,17.6,36.4,0.217
165,Marshall,32,11,21,0.344,-6.45,-0.22,7,11,10,7,1,12,2137,2288,1285,738,1840,0.401,249,788,0.316,412,636,0.648,357,1195,412,212,93,499,634,818,1916,0.4270000000000001,218,681,0.32,434,685,0.634,396,1264,440,258,90,432,591,71.0,93.7,0.34600000000000003,0.428,0.499,48.6,55.8,9.3,7.5,0.469,18.9,29.1,0.224,71.0,100.3,0.358,0.355,0.51,51.4,53.8,11.3,8.6,0.484,16.2,32.1,0.227
166,UMBC,30,4,26,0.133,-16.17,-5.14,2,14,2,11,2,15,1682,2013,1205,591,1441,0.41,153,469,0.326,347,539,0.644,225,902,338,197,90,467,475,720,1604,0.449,203,562,0.361,370,530,0.698,297,1038,408,261,92,383,545,64.4,86.7,0.374,0.325,0.496,46.5,57.2,10.2,8.6,0.463,21.6,23.3,0.241,64.4,103.8,0.33,0.35,0.542,53.5,56.7,13.5,9.5,0.512,17.1,30.5,0.231
167,Maryland-E Shore,33,18,15,0.545,-6.55,-6.94,11,5,7,3,11,9,2229,2216,1325,752,1660,0.453,213,557,0.382,512,781,0.6559999999999999,379,1100,447,248,47,504,658,763,1705,0.448,215,663,0.324,475,700,0.679,337,1027,402,228,105,459,640,65.1,103.3,0.47,0.336,0.5489999999999999,51.7,59.4,11.5,4.5,0.517,19.9,35.5,0.308,65.1,102.7,0.411,0.389,0.544,48.3,52.7,10.6,9.5,0.511,18.4,31.9,0.279
168,Maryland NCAA,35,28,7,0.8,13.32,7.63,14,4,18,1,6,4,2417,2218,1410,781,1777,0.44,258,687,0.376,597,790,0.7559999999999999,314,1223,376,169,151,431,584,800,2026,0.395,242,759,0.319,376,570,0.66,399,1170,385,200,105,391,706,64.7,106.1,0.445,0.387,0.562,51.1,48.1,7.4,11.9,0.512,16.7,28.9,0.336,64.7,97.3,0.281,0.375,0.483,48.9,48.1,8.8,9.6,0.455,14.5,30.5,0.18600000000000005
169,Massachusetts-Lowell,29,12,17,0.414,-11.21,-4.32,6,10,6,5,6,12,1780,1928,1175,610,1481,0.412,223,622,0.359,337,508,0.6629999999999999,212,837,323,201,28,383,523,691,1489,0.464,208,587,0.354,338,494,0.684,263,1017,400,171,94,437,520,64.5,93.9,0.343,0.42,0.517,45.1,53.0,10.6,3.1,0.487,18.2,21.9,0.228,64.5,101.7,0.332,0.394,0.5589999999999999,54.9,57.9,9.0,10.9,0.534,20.2,29.6,0.227
170,MA Lowell,32,17,15,0.531,3.59,4.69,10,8,10,5,5,8,2220,2255,1290,772,1785,0.4320000000000001,144,488,0.295,532,756,0.7040000000000001,384,1177,429,216,135,451,591,810,1860,0.435,191,546,0.35,444,655,0.6779999999999999,360,1108,456,232,139,386,625,68.3,100.7,0.424,0.273,0.518,51.5,55.6,9.8,10.3,0.473,17.4,33.9,0.298,68.3,102.3,0.35200000000000004,0.294,0.519,48.5,56.3,10.5,10.7,0.487,15.1,31.2,0.239
171,McNeese St,31,15,16,0.484,-10.05,-5.42,8,10,11,5,3,10,2154,2210,1250,792,1873,0.423,193,620,0.311,377,579,0.6509999999999999,413,1118,409,223,145,333,528,795,1764,0.451,212,611,0.34700000000000003,408,598,0.682,377,1157,453,180,112,388,490,66.0,104.4,0.309,0.331,0.501,49.1,51.6,10.8,12.6,0.474,13.4,34.6,0.201,66.0,107.1,0.339,0.34600000000000003,0.54,50.9,57.0,8.7,8.9,0.511,15.9,34.8,0.231
172,Memphis,32,18,14,0.563,7.15,2.9,10,8,12,6,4,5,2155,2019,1290,802,1827,0.439,166,506,0.328,385,578,0.6659999999999999,409,1195,460,224,208,427,587,694,1749,0.397,164,540,0.304,467,677,0.69,363,1060,376,238,113,406,517,65.6,101.8,0.316,0.277,0.513,53.0,57.4,10.6,17.2,0.484,16.9,37.0,0.211,65.6,95.4,0.387,0.309,0.488,47.0,54.2,11.2,8.6,0.444,16.4,31.6,0.267
173,Mercer,35,19,16,0.5429999999999999,-2.01,-4.1,12,6,12,4,5,9,2334,2196,1430,808,1840,0.439,212,611,0.34700000000000003,506,736,0.688,385,1191,468,224,90,377,560,771,1869,0.413,262,757,0.34600000000000003,392,595,0.659,383,1153,441,188,123,424,643,61.2,106.7,0.4,0.332,0.5329999999999999,50.8,57.9,10.2,8.1,0.4970000000000001,14.7,33.3,0.275,61.2,100.4,0.318,0.405,0.51,49.2,57.2,8.6,10.0,0.483,16.5,32.2,0.21
174,Miami FL,38,25,13,0.6579999999999999,12.0,7.05,10,8,12,6,8,4,2592,2404,1545,878,2053,0.428,292,816,0.358,544,729,0.746,377,1317,488,209,126,385,593,888,2111,0.421,232,717,0.324,396,602,0.6579999999999999,390,1287,446,192,127,417,661,62.5,107.3,0.355,0.397,0.54,50.6,55.6,8.7,9.0,0.499,13.8,29.6,0.265,62.5,99.5,0.285,0.34,0.501,49.4,50.2,7.9,10.3,0.476,14.8,29.3,0.188
175,Miami OH,32,13,19,0.406,-3.75,0.31,8,10,10,7,3,10,2123,2226,1300,739,1679,0.44,187,546,0.342,456,643,0.7090000000000001,268,984,375,245,64,411,602,755,1654,0.456,235,676,0.348,481,696,0.691,297,1060,397,193,94,438,573,65.4,99.8,0.383,0.325,0.535,48.1,50.7,11.5,6.5,0.496,17.2,26.0,0.272,65.4,104.7,0.421,0.409,0.561,51.9,52.6,9.1,8.3,0.528,18.1,29.3,0.29100000000000004
176,Michigan St NCAA,39,27,12,0.6920000000000001,17.46,10.0,12,6,12,4,7,4,2773,2482,1605,1014,2181,0.465,294,763,0.385,451,714,0.632,436,1458,646,203,176,441,738,833,2104,0.396,224,712,0.315,592,820,0.722,378,1247,409,217,110,416,701,63.0,109.7,0.327,0.35,0.55,53.9,63.7,8.0,12.6,0.532,14.9,33.4,0.207,63.0,98.2,0.39,0.338,0.498,46.1,49.1,8.6,7.8,0.449,14.3,27.0,0.281
177,Michigan,32,16,16,0.5,9.56,9.59,8,10,12,6,2,8,2071,2048,1310,734,1724,0.426,250,696,0.359,353,468,0.754,267,966,382,174,57,306,455,764,1702,0.449,208,606,0.343,310,444,0.698,310,1090,410,142,95,387,502,60.7,104.2,0.271,0.404,0.532,47.0,52.0,8.8,5.2,0.498,13.6,25.5,0.205,60.7,103.0,0.261,0.35600000000000004,0.535,53.0,53.7,7.1,9.2,0.51,16.8,30.7,0.182
178,Middle Tennessee,36,19,17,0.528,0.21,-0.39,9,9,12,4,4,10,2285,2247,1475,773,1867,0.414,242,675,0.359,497,710,0.7,386,1215,396,214,112,469,660,773,1761,0.439,201,570,0.353,500,731,0.684,289,1118,418,223,140,472,644,62.1,99.8,0.38,0.362,0.518,52.1,51.2,9.3,9.4,0.479,17.5,31.8,0.266,62.1,98.2,0.415,0.324,0.5329999999999999,47.9,54.1,9.7,11.7,0.496,18.3,25.8,0.284
179,Milwaukee,30,14,16,0.467,-4.85,0.15,9,7,10,4,3,11,1963,2077,1200,659,1564,0.421,211,624,0.338,434,589,0.737,264,982,388,157,83,382,518,759,1683,0.451,186,475,0.392,373,524,0.7120000000000001,291,1007,365,210,98,320,553,65.4,100.1,0.377,0.399,0.532,49.4,58.9,8.0,6.9,0.489,17.2,26.9,0.277,65.4,105.9,0.311,0.282,0.5379999999999999,50.6,48.1,10.7,10.4,0.506,14.2,28.8,0.222
180,Minnesota,33,18,15,0.545,12.34,7.21,6,12,13,6,3,7,2449,2233,1330,890,1924,0.463,243,638,0.381,426,634,0.672,352,1087,519,313,110,400,596,783,1794,0.436,240,660,0.364,427,608,0.7020000000000001,373,1171,488,212,148,553,606,68.2,108.0,0.33,0.332,0.55,48.1,58.3,13.8,9.7,0.526,15.2,30.6,0.221,68.2,98.5,0.339,0.368,0.536,51.9,62.3,9.3,11.5,0.503,21.0,33.7,0.238
181,Mississippi St,32,13,19,0.406,2.53,4.72,6,12,9,8,3,8,1977,2032,1280,669,1557,0.43,133,434,0.306,506,727,0.696,324,1099,278,205,90,474,606,713,1713,0.416,210,641,0.328,396,622,0.637,347,1017,373,220,117,388,611,64.1,96.4,0.467,0.279,0.52,51.9,41.6,10.0,8.4,0.472,19.9,32.6,0.325,64.1,99.1,0.363,0.374,0.506,48.1,52.3,10.7,10.4,0.478,16.2,30.9,0.231
182,MS Valley St,32,6,26,0.188,-23.94,-7.78,5,13,3,6,2,17,2045,2562,1296,738,1911,0.386,157,519,0.303,412,630,0.654,382,1052,338,241,37,481,589,928,1917,0.484,232,653,0.355,474,704,0.6729999999999999,440,1328,481,242,135,478,561,71.0,89.0,0.33,0.272,0.463,44.2,45.8,10.5,2.9,0.4270000000000001,17.9,30.1,0.21600000000000005,71.0,111.4,0.3670000000000001,0.341,0.569,55.8,51.8,10.5,9.7,0.545,17.5,39.6,0.247
183,Mississippi NCAA,34,21,13,0.618,11.39,7.01,11,7,9,7,8,4,2475,2326,1369,848,2003,0.423,220,662,0.332,559,723,0.773,430,1284,450,225,128,378,668,762,1885,0.404,270,755,0.358,532,777,0.685,391,1197,484,167,122,430,635,67.0,107.9,0.361,0.331,0.527,51.8,53.1,9.8,11.3,0.478,13.9,34.8,0.279,67.0,101.4,0.412,0.401,0.516,48.2,63.5,7.3,9.1,0.476,16.0,31.4,0.282
184,Missouri KC,33,14,19,0.424,-8.01,-5.07,8,6,9,4,4,13,2164,2202,1345,723,1776,0.407,216,649,0.333,502,724,0.693,374,1037,376,266,111,443,636,768,1705,0.45,207,604,0.343,459,672,0.6829999999999999,384,1172,438,212,126,539,666,64.9,99.1,0.408,0.365,0.51,46.9,52.0,12.2,10.1,0.468,17.3,32.2,0.28300000000000003,64.9,100.8,0.394,0.354,0.544,53.1,57.0,9.7,11.2,0.511,21.0,36.7,0.269
185,Missouri St,31,11,20,0.355,-4.92,1.67,5,13,8,6,3,11,1850,1989,1260,654,1612,0.406,158,512,0.309,384,525,0.731,316,1008,347,160,100,377,550,686,1614,0.425,199,551,0.361,418,591,0.7070000000000001,294,993,380,195,90,326,513,61.1,96.1,0.326,0.318,0.4970000000000001,50.4,53.1,8.3,9.4,0.455,16.8,31.1,0.238,61.1,103.3,0.366,0.341,0.525,49.6,55.4,10.1,8.2,0.487,14.7,29.8,0.259
186,Missouri,32,9,23,0.281,1.13,9.26,3,15,8,8,1,10,1935,2173,1290,683,1694,0.403,196,596,0.329,373,560,0.6659999999999999,327,1050,343,179,90,417,624,726,1691,0.429,206,601,0.343,515,735,0.701,355,1130,377,190,111,353,568,63.4,94.7,0.331,0.35200000000000004,0.494,48.2,50.2,8.8,8.3,0.461,17.5,29.7,0.22,63.4,106.3,0.435,0.355,0.5329999999999999,51.8,51.9,9.3,10.1,0.49,14.8,32.9,0.305
187,Monmouth NJ,33,18,15,0.545,-2.18,-2.91,13,7,8,7,9,7,2134,2110,1335,730,1702,0.429,171,506,0.338,503,697,0.722,320,1080,372,231,127,426,622,703,1758,0.4,255,746,0.342,449,654,0.687,384,1131,408,206,128,457,617,64.1,99.7,0.41,0.297,0.525,48.8,51.0,10.8,12.5,0.479,17.3,30.0,0.29600000000000004,64.1,98.6,0.3720000000000001,0.424,0.51,51.2,58.0,9.6,10.7,0.472,18.1,33.6,0.255
188,MTSU,30,7,23,0.233,-12.91,-3.5,4,14,5,9,2,14,1917,2152,1200,662,1665,0.398,246,687,0.358,347,482,0.72,317,1009,349,132,91,411,624,735,1588,0.463,181,468,0.387,501,701,0.715,273,1037,399,209,129,347,540,66.4,96.3,0.289,0.413,0.506,49.3,52.7,6.6,8.1,0.471,17.8,29.3,0.208,66.4,108.1,0.441,0.295,0.56,50.7,54.3,10.5,13.2,0.52,15.3,28.3,0.315
189,Montana,33,20,13,0.606,-1.75,-3.78,14,4,13,4,7,9,2347,2219,1370,828,1786,0.464,274,737,0.3720000000000001,417,581,0.718,295,1055,466,218,84,391,634,737,1690,0.436,229,638,0.359,516,718,0.7190000000000001,300,1052,387,192,94,440,591,63.2,108.4,0.325,0.413,0.569,50.1,56.3,10.1,8.0,0.54,15.9,28.2,0.233,63.2,102.5,0.425,0.378,0.546,49.9,52.5,8.9,9.0,0.504,17.8,28.3,0.305
190,Morehead St,34,17,17,0.5,-0.66,-3.31,10,6,7,6,7,9,2420,2255,1370,854,1930,0.442,220,639,0.344,490,684,0.716,422,1205,495,278,110,462,782,717,1651,0.434,182,537,0.339,639,909,0.703,296,1053,404,196,164,507,620,67.0,105.5,0.354,0.331,0.537,53.4,58.0,12.1,9.9,0.499,17.0,35.8,0.254,67.0,98.3,0.551,0.325,0.541,46.6,56.3,8.5,12.7,0.489,19.6,27.4,0.387
191,Morgan St,31,7,24,0.226,-16.19,-6.48,5,11,5,5,1,17,1898,2199,1245,673,1877,0.359,163,574,0.284,389,622,0.625,468,1098,313,175,89,332,580,767,1604,0.478,176,487,0.361,489,693,0.706,324,1197,383,143,120,441,557,65.6,92.9,0.331,0.306,0.4370000000000001,47.8,46.5,8.6,8.0,0.402,13.3,34.9,0.207,65.6,107.6,0.4320000000000001,0.304,0.569,52.2,49.9,7.0,9.2,0.5329999999999999,18.6,34.0,0.305
192,Mount St. Mary's,30,15,15,0.5,-6.14,-4.4,11,7,9,4,5,11,1893,1945,1225,662,1645,0.402,228,691,0.33,341,500,0.682,325,979,342,202,112,367,549,702,1578,0.445,162,465,0.348,379,561,0.6759999999999999,314,1050,342,190,82,411,504,63.1,97.9,0.304,0.42,0.503,48.3,51.7,10.5,10.1,0.472,16.3,30.6,0.207,63.1,100.6,0.35600000000000004,0.295,0.527,51.7,48.7,9.8,8.6,0.496,18.2,32.4,0.24
193,Murray St,35,29,6,0.8290000000000001,7.13,-2.81,16,0,15,1,12,2,2764,2367,1410,961,1995,0.482,263,679,0.387,579,831,0.6970000000000001,422,1292,543,253,113,411,649,811,1980,0.41,227,680,0.334,518,727,0.713,410,1158,418,196,103,462,680,67.5,116.2,0.417,0.34,0.578,52.7,56.5,10.6,8.7,0.5479999999999999,14.7,36.1,0.29,67.5,99.5,0.3670000000000001,0.343,0.509,47.3,51.5,8.2,7.8,0.467,16.6,32.0,0.262
194,Navy,32,13,19,0.406,-7.87,-3.61,8,10,8,8,4,10,1952,2059,1280,719,1637,0.439,170,518,0.328,344,513,0.6709999999999999,301,982,423,188,107,391,554,716,1578,0.454,230,596,0.386,397,561,0.708,281,998,434,190,100,404,528,61.5,99.1,0.313,0.316,0.519,49.6,58.8,9.5,10.9,0.491,17.2,29.6,0.21,61.5,104.6,0.35600000000000004,0.378,0.5579999999999999,50.4,60.6,9.6,8.9,0.527,18.0,29.2,0.252
195,Omaha,29,12,17,0.414,-7.18,-5.14,5,11,7,6,5,11,2226,2256,1170,767,1724,0.445,179,539,0.332,513,737,0.696,321,1009,350,237,92,391,590,781,1679,0.465,218,580,0.376,476,652,0.73,279,1006,445,184,107,440,625,73.4,103.7,0.4270000000000001,0.313,0.537,50.1,45.6,11.0,8.4,0.4970000000000001,15.9,30.6,0.298,73.4,105.1,0.388,0.345,0.5670000000000001,49.9,57.0,8.6,9.0,0.53,18.1,28.9,0.284
196,Nebraska,31,13,18,0.419,5.9,7.58,5,13,10,6,1,11,1905,1957,1260,664,1613,0.412,161,566,0.284,416,588,0.7070000000000001,277,1022,315,192,90,389,581,657,1627,0.404,208,622,0.334,435,627,0.6940000000000001,323,1085,324,182,96,415,562,63.8,94.7,0.365,0.35100000000000003,0.503,48.5,47.4,9.5,9.0,0.462,17.1,26.7,0.258,63.8,97.3,0.385,0.382,0.508,51.5,49.3,9.1,9.2,0.468,17.7,30.2,0.267
197,UNLV,33,18,15,0.545,5.41,3.38,8,10,13,4,4,8,2250,2125,1334,808,1816,0.445,236,639,0.369,398,600,0.6629999999999999,301,1170,453,183,223,376,545,771,1952,0.395,205,595,0.345,378,569,0.664,407,1220,395,174,104,355,562,65.1,103.5,0.33,0.35200000000000004,0.535,49.0,56.1,8.4,16.4,0.51,15.2,27.0,0.219,65.1,97.8,0.29100000000000004,0.305,0.478,51.0,51.2,8.0,8.8,0.447,13.8,31.9,0.194
198,Nevada,31,9,22,0.29,-6.03,1.08,5,13,7,8,2,11,1874,2061,1245,637,1673,0.381,111,417,0.266,489,703,0.696,457,1221,298,169,129,436,603,707,1711,0.413,198,584,0.339,449,676,0.664,359,1040,397,191,134,313,575,63.8,94.4,0.42,0.249,0.467,54.0,46.8,8.5,11.4,0.414,17.8,40.2,0.292,63.8,103.8,0.395,0.341,0.507,46.0,56.2,9.6,10.7,0.471,13.3,32.0,0.262
199,New Hampshire,32,19,13,0.594,-3.76,-6.29,11,5,12,3,7,10,2148,1973,1305,747,1712,0.436,231,617,0.374,423,627,0.675,302,1174,366,167,69,394,607,672,1667,0.403,169,550,0.307,460,667,0.69,252,1024,278,179,74,377,573,64.5,102.0,0.366,0.36,0.534,53.4,49.0,7.9,6.2,0.504,16.4,28.1,0.247,64.5,93.7,0.4,0.33,0.4970000000000001,46.6,41.4,8.5,6.8,0.454,16.0,22.4,0.276
200,New Mexico St NCAA,34,23,11,0.6759999999999999,3.71,-3.67,13,1,15,2,6,8,2316,2033,1370,808,1748,0.462,165,450,0.3670000000000001,535,771,0.6940000000000001,428,1199,406,219,124,470,541,754,1774,0.425,129,421,0.306,396,572,0.6920000000000001,339,983,370,186,76,448,652,62.9,107.5,0.441,0.257,0.5479999999999999,54.9,50.2,10.2,9.2,0.509,18.2,39.9,0.306,62.9,94.3,0.322,0.237,0.4970000000000001,45.1,49.1,8.6,5.9,0.461,18.0,30.5,0.223
201,New Mexico,31,15,16,0.484,2.8,1.03,7,11,10,5,4,8,1921,1866,1255,686,1588,0.4320000000000001,148,480,0.308,401,609,0.6579999999999999,331,1081,398,178,139,392,538,643,1601,0.402,210,668,0.314,370,526,0.703,268,933,384,188,103,361,559,61.9,99.0,0.384,0.302,0.512,53.7,58.0,9.2,14.9,0.479,17.3,33.2,0.253,61.9,96.1,0.329,0.417,0.504,46.3,59.7,9.7,9.3,0.467,16.3,26.3,0.231
202,New Orleans,29,11,18,0.379,-11.86,-6.36,6,12,8,4,2,13,2062,2133,1170,704,1604,0.439,123,366,0.336,531,770,0.69,365,1014,279,216,101,452,608,753,1565,0.481,181,484,0.374,446,688,0.648,302,957,374,219,127,446,645,70.0,100.8,0.48,0.228,0.523,51.4,39.6,10.6,9.3,0.477,18.7,35.8,0.331,70.0,104.3,0.44,0.309,0.564,48.6,49.7,10.7,10.3,0.539,19.1,31.8,0.285
203,Niagara,30,8,22,0.267,-9.27,-1.8,7,13,4,10,4,10,1930,2154,1210,642,1608,0.399,184,524,0.35100000000000003,460,662,0.695,343,1016,338,172,69,408,559,762,1618,0.471,215,568,0.379,415,588,0.706,282,1011,443,191,126,358,574,65.5,97.5,0.412,0.326,0.502,50.1,52.6,8.7,6.6,0.456,17.5,32.0,0.28600000000000003,65.5,108.8,0.363,0.35100000000000003,0.568,49.9,58.1,9.6,11.6,0.537,15.9,29.5,0.256
204,Nicholls St,29,10,19,0.345,-15.84,-5.3,7,11,7,6,3,12,1885,2117,1170,662,1511,0.438,155,496,0.313,404,645,0.626,314,981,367,201,120,492,635,689,1574,0.438,178,501,0.355,561,784,0.716,342,1022,335,244,96,403,589,68.4,94.2,0.4270000000000001,0.328,0.519,49.0,55.4,10.0,11.2,0.489,21.3,31.6,0.267,68.4,105.8,0.498,0.318,0.544,51.0,48.6,12.2,9.5,0.494,17.2,33.9,0.35600000000000004
205,NJIT,33,21,12,0.636,-3.21,-4.07,0,0,15,2,6,10,2368,2229,1320,808,1768,0.457,279,742,0.376,473,680,0.696,319,1110,492,232,149,450,646,722,1801,0.401,219,641,0.342,566,765,0.74,383,1128,364,225,100,436,625,67.3,106.7,0.385,0.42,0.5660000000000001,49.6,60.9,10.5,12.8,0.536,17.7,30.0,0.268,67.3,100.4,0.425,0.35600000000000004,0.515,50.4,50.4,10.1,9.7,0.462,16.8,32.6,0.314
206,Norfolk St,34,20,14,0.588,-4.66,-6.35,12,4,10,3,7,10,2385,2254,1380,850,1801,0.472,190,549,0.34600000000000003,495,751,0.659,370,1224,459,173,167,460,668,763,1863,0.41,251,748,0.336,477,728,0.655,367,1057,416,194,117,423,639,65.4,105.7,0.417,0.305,0.5529999999999999,53.7,54.0,7.7,15.0,0.525,17.6,34.9,0.275,65.4,99.9,0.391,0.402,0.51,46.3,54.5,8.6,9.3,0.477,16.1,30.1,0.256
207,UNC Asheville,31,15,16,0.484,-7.19,-5.65,10,8,8,6,6,10,2242,2183,1245,780,1774,0.44,233,652,0.35700000000000004,449,619,0.725,352,1120,423,228,144,437,594,742,1749,0.424,200,605,0.331,499,726,0.687,365,1098,414,237,105,411,547,69.0,104.5,0.349,0.368,0.542,50.5,54.2,10.6,12.6,0.505,17.4,32.4,0.253,69.0,101.7,0.415,0.34600000000000003,0.521,49.5,55.8,11.0,9.4,0.481,16.4,32.2,0.285
208,NC A&T,32,9,23,0.281,-16.76,-8.02,6,10,7,5,2,15,1884,2112,1285,648,1622,0.4,157,555,0.28300000000000003,431,633,0.6809999999999999,366,1066,297,170,127,483,594,714,1683,0.424,218,609,0.358,466,683,0.682,372,1074,405,236,79,392,608,63.3,92.6,0.39,0.342,0.49,49.8,45.8,8.4,11.8,0.448,20.1,34.3,0.266,63.3,103.8,0.406,0.362,0.526,50.2,56.7,11.6,7.4,0.489,16.3,34.7,0.277
209,NC Central,33,25,8,0.758,0.66,-8.67,16,0,12,0,9,7,2278,1821,1325,813,1668,0.487,219,593,0.369,433,632,0.685,312,1121,461,219,134,414,636,594,1649,0.36,163,577,0.282,470,696,0.675,342,992,274,172,92,439,596,62.6,109.9,0.379,0.35600000000000004,0.579,53.1,56.7,10.6,12.5,0.5529999999999999,17.4,32.4,0.26,62.6,87.8,0.422,0.35,0.46,46.9,46.1,8.3,8.6,0.41,18.2,29.7,0.285
210,UNC Greensboro,33,11,22,0.333,-7.99,-4.36,6,12,6,10,4,9,2290,2337,1330,838,1895,0.442,216,598,0.361,398,613,0.649,364,1138,400,206,109,414,711,767,1742,0.44,223,634,0.35200000000000004,580,814,0.713,328,1122,385,196,104,422,567,67.1,102.7,0.32299999999999995,0.316,0.524,50.4,47.7,9.2,9.8,0.499,15.9,31.4,0.21,67.1,104.8,0.467,0.364,0.5489999999999999,49.6,50.2,8.8,8.0,0.504,16.5,29.8,0.333
211,North Carolina St NCAA,36,22,14,0.611,14.11,9.72,10,8,14,6,5,5,2525,2367,1450,895,2054,0.436,236,661,0.35700000000000004,499,727,0.6859999999999999,435,1369,415,138,184,375,637,827,2052,0.403,212,643,0.33,501,712,0.7040000000000001,402,1247,426,191,141,349,681,64.5,108.0,0.354,0.322,0.526,52.3,46.4,5.9,13.1,0.493,13.5,34.0,0.243,64.5,101.2,0.34700000000000003,0.313,0.495,47.7,51.5,8.2,10.1,0.455,12.7,30.1,0.244
212,UNC Wilmington,32,18,14,0.563,-2.53,-1.92,12,6,10,2,7,11,2239,2200,1295,810,1834,0.442,162,465,0.348,457,677,0.675,359,1131,368,244,140,395,661,737,1736,0.425,176,533,0.33,550,803,0.685,363,1144,367,199,113,449,581,67.9,101.9,0.369,0.254,0.519,49.7,45.4,11.1,11.6,0.486,15.5,31.5,0.249,67.9,100.1,0.463,0.307,0.519,50.3,49.8,9.1,8.3,0.475,17.5,32.0,0.317
213,North Carolina NCAA,38,26,12,0.684,20.63,11.76,11,7,10,5,7,4,2953,2616,1530,1099,2309,0.476,184,514,0.358,571,814,0.701,526,1541,661,251,160,481,738,889,2232,0.398,247,822,0.3,591,843,0.701,460,1250,466,255,147,468,693,69.2,111.6,0.353,0.223,0.5479999999999999,55.2,60.1,9.5,11.3,0.516,15.1,40.0,0.247,69.2,98.9,0.378,0.368,0.4970000000000001,44.8,52.4,9.6,8.2,0.454,15.1,31.2,0.265
214,North Dakota St NCAA,33,23,10,0.6970000000000001,-1.72,-3.63,12,4,14,0,5,8,2141,2057,1335,743,1713,0.434,230,600,0.383,425,614,0.6920000000000001,274,1098,315,156,123,325,504,727,1726,0.421,213,578,0.369,388,525,0.7390000000000001,248,1043,373,151,80,347,565,61.9,103.7,0.358,0.35,0.534,51.3,42.4,7.6,10.7,0.501,14.0,25.6,0.248,61.9,99.6,0.304,0.335,0.521,48.7,51.3,7.3,7.2,0.483,14.9,23.1,0.225
215,North Dakota,30,8,22,0.267,-12.16,-3.73,4,14,3,9,4,12,2032,2201,1211,713,1637,0.436,180,543,0.331,426,628,0.6779999999999999,260,961,353,189,94,373,640,765,1644,0.465,187,492,0.38,484,680,0.7120000000000001,289,1068,397,193,103,400,565,68.2,98.5,0.384,0.332,0.525,47.4,49.5,9.2,8.2,0.491,16.2,25.0,0.26,68.2,106.7,0.414,0.299,0.5589999999999999,52.6,51.9,9.4,9.4,0.522,16.9,29.2,0.294
216,North Florida NCAA,35,23,12,0.657,-0.82,-5.94,12,2,12,2,9,9,2651,2385,1400,897,1910,0.47,317,810,0.391,540,747,0.723,339,1219,506,214,146,436,568,879,2033,0.4320000000000001,176,565,0.312,451,666,0.677,400,1187,413,229,95,425,648,67.7,112.0,0.391,0.424,0.585,50.7,56.4,9.0,9.9,0.5529999999999999,16.1,30.1,0.28300000000000003,67.7,100.7,0.328,0.278,0.508,49.3,47.0,9.7,8.6,0.476,15.3,31.3,0.222
217,North Texas,31,14,17,0.452,-4.95,-0.71,8,10,11,6,3,10,2025,2113,1245,726,1678,0.433,147,489,0.301,426,677,0.629,338,1094,310,209,103,420,548,727,1729,0.42,232,689,0.337,427,633,0.675,364,1115,369,215,101,424,573,67.0,97.1,0.403,0.29100000000000004,0.506,49.5,42.7,10.0,9.9,0.476,17.4,31.0,0.254,67.0,101.3,0.366,0.398,0.521,50.5,50.8,10.3,8.5,0.488,17.3,32.5,0.247
218,Northeastern NCAA,35,23,12,0.657,2.03,-1.34,12,6,9,3,8,7,2397,2279,1415,838,1725,0.486,203,526,0.386,518,713,0.727,297,1160,500,183,129,483,496,875,1952,0.448,193,561,0.344,336,488,0.6890000000000001,291,980,437,249,118,349,643,63.5,106.7,0.413,0.305,0.581,54.2,59.7,8.1,9.3,0.545,19.0,30.1,0.3,63.5,101.5,0.25,0.287,0.522,45.8,49.9,11.1,9.8,0.498,13.8,25.2,0.172
219,Northern Arizona,38,23,15,0.605,-3.48,-4.13,13,5,13,2,8,12,2606,2556,1535,878,2175,0.404,255,734,0.34700000000000003,595,793,0.75,501,1463,463,182,153,447,709,888,2064,0.43,215,681,0.316,565,786,0.7190000000000001,344,1247,404,206,133,418,698,65.2,104.0,0.365,0.337,0.511,54.0,52.7,7.3,11.1,0.462,14.9,35.7,0.274,65.2,102.0,0.381,0.33,0.524,46.0,45.5,8.2,9.2,0.482,14.6,26.3,0.274
220,N Colorado,30,15,15,0.5,-6.82,-6.21,10,8,12,3,3,11,2242,2203,1220,804,1691,0.475,204,535,0.381,430,602,0.7140000000000001,339,978,370,196,59,313,594,753,1584,0.475,244,619,0.394,453,645,0.7020000000000001,331,997,415,131,110,399,556,64.1,114.7,0.35600000000000004,0.316,0.5670000000000001,49.5,46.0,10.0,6.1,0.536,13.7,33.7,0.254,64.1,112.7,0.407,0.391,0.583,50.5,55.1,6.7,9.5,0.552,17.4,34.1,0.28600000000000003
221,N Illinois,30,14,16,0.467,-1.79,-0.14,8,10,10,5,4,11,1971,1989,1215,661,1543,0.428,149,470,0.317,500,735,0.68,373,1039,294,226,73,426,573,672,1525,0.441,221,659,0.335,424,612,0.693,289,931,366,205,112,417,608,64.0,101.4,0.476,0.305,0.521,52.7,44.5,11.6,8.4,0.477,18.4,36.7,0.324,64.0,102.3,0.401,0.4320000000000001,0.5479999999999999,47.3,54.5,10.5,10.4,0.513,18.7,30.3,0.278
222,Northern Iowa NCAA,35,31,4,0.8859999999999999,12.54,2.0,16,2,16,0,9,3,2281,1912,1420,776,1618,0.48,257,645,0.398,472,644,0.733,255,1071,413,207,84,363,508,684,1732,0.395,211,657,0.321,333,468,0.7120000000000001,301,991,332,167,83,391,646,57.4,111.9,0.398,0.399,0.593,51.9,53.2,10.2,7.8,0.5589999999999999,15.9,27.0,0.292,57.4,93.8,0.27,0.379,0.489,48.1,48.5,8.2,8.5,0.456,16.7,26.9,0.192
223,N Kentucky,30,13,17,0.433,-6.85,-4.49,7,7,9,6,4,11,2117,2079,1210,779,1693,0.46,226,648,0.349,333,507,0.657,299,1014,379,173,85,348,612,684,1588,0.431,197,579,0.34,514,714,0.72,297,1008,340,165,102,325,487,65.1,107.5,0.299,0.383,0.547,50.1,48.7,8.8,8.4,0.527,15.3,29.6,0.197,65.1,105.6,0.45,0.365,0.539,49.9,49.7,8.4,9.8,0.493,14.4,29.3,0.324
224,Northwestern St,32,19,13,0.594,-5.48,-4.52,13,5,11,4,7,8,2687,2656,1280,946,2052,0.461,264,740,0.35700000000000004,531,709,0.7490000000000001,372,1106,509,242,144,392,596,955,2021,0.473,241,620,0.389,505,720,0.701,458,1289,513,190,107,495,629,75.1,111.8,0.34600000000000003,0.361,0.562,46.2,53.8,10.1,10.3,0.525,14.1,30.9,0.259,75.1,110.5,0.35600000000000004,0.307,0.562,53.8,53.7,7.9,8.2,0.532,17.3,38.4,0.25
225,Northwestern,32,15,17,0.469,6.11,7.2,6,12,11,7,3,8,2031,2066,1305,727,1669,0.436,228,635,0.359,349,477,0.732,277,1052,460,118,126,357,573,724,1740,0.416,237,629,0.377,381,571,0.667,347,1073,431,167,81,305,480,60.5,103.0,0.28600000000000003,0.38,0.536,49.5,63.3,6.0,11.3,0.504,15.8,27.6,0.209,60.5,104.8,0.328,0.361,0.514,50.5,59.5,8.5,7.8,0.484,13.2,30.9,0.219
226,Notre Dame NCAA,38,32,6,0.8420000000000001,19.23,7.02,14,4,17,2,7,2,2963,2499,1545,1050,2061,0.509,302,775,0.39,561,756,0.742,313,1231,576,256,138,357,540,946,2214,0.4270000000000001,227,697,0.326,380,533,0.713,435,1243,473,196,93,425,632,63.7,120.4,0.3670000000000001,0.376,0.612,49.8,54.9,10.4,9.1,0.583,12.9,27.9,0.272,63.7,101.5,0.241,0.315,0.506,50.2,50.0,8.0,7.2,0.479,14.7,32.2,0.172
227,Oakland,33,16,17,0.485,-1.28,1.27,11,5,12,4,4,12,2450,2482,1350,857,1854,0.462,259,716,0.362,477,695,0.6859999999999999,340,1109,517,196,55,416,572,887,1896,0.468,250,677,0.369,458,647,0.708,328,1106,510,253,94,366,614,66.7,108.8,0.375,0.386,0.561,50.1,60.3,8.7,4.5,0.532,16.0,30.4,0.257,66.7,110.3,0.341,0.35700000000000004,0.563,49.9,57.5,11.2,8.3,0.534,14.2,29.9,0.242
228,Ohio St NCAA,35,24,11,0.6859999999999999,19.68,7.37,11,7,18,2,4,6,2635,2204,1410,964,1995,0.483,236,637,0.37,471,693,0.68,387,1241,534,266,178,396,563,790,1959,0.403,238,739,0.322,384,545,0.705,401,1168,454,179,100,503,623,66.0,113.2,0.34700000000000003,0.319,0.5670000000000001,51.5,55.4,11.4,14.6,0.542,14.6,33.5,0.236,66.0,94.7,0.278,0.377,0.4970000000000001,48.5,57.5,7.7,7.4,0.464,18.5,32.0,0.196
229,Ohio,30,10,20,0.333,-4.15,0.45,5,13,8,7,1,11,2028,2166,1205,727,1678,0.433,217,637,0.341,357,486,0.735,268,1023,341,154,128,382,512,764,1775,0.43,221,615,0.359,417,571,0.73,331,1096,356,188,85,313,491,67.2,100.1,0.29,0.38,0.531,48.3,46.9,7.6,11.0,0.498,16.7,25.9,0.213,67.2,106.9,0.322,0.34600000000000003,0.529,51.7,46.6,9.3,8.2,0.493,13.3,30.5,0.235
230,Oklahoma St NCAA,32,18,14,0.563,12.95,9.63,8,10,12,4,3,8,2160,2011,1290,733,1667,0.44,226,647,0.349,468,645,0.726,287,1039,366,253,156,392,614,675,1673,0.403,183,538,0.34,478,697,0.6859999999999999,352,1099,354,194,112,438,583,64.6,103.6,0.387,0.388,0.547,48.6,49.9,12.1,13.7,0.507,16.6,27.8,0.281,64.6,96.5,0.417,0.322,0.502,51.4,52.4,9.3,11.0,0.458,17.9,31.9,0.28600000000000003
231,Oklahoma NCAA,35,24,11,0.6859999999999999,18.65,9.94,12,6,14,1,5,6,2501,2196,1410,885,2035,0.435,236,688,0.343,495,668,0.741,389,1332,430,237,174,419,570,794,2057,0.386,225,710,0.317,383,585,0.655,432,1277,392,224,131,468,625,67.4,105.2,0.328,0.338,0.532,51.1,48.6,10.0,12.9,0.493,15.1,31.5,0.243,67.4,92.4,0.284,0.345,0.47,48.9,49.4,9.4,9.7,0.441,16.7,31.4,0.18600000000000005
232,Old Dominion,35,27,8,0.7709999999999999,7.68,-0.15,13,5,20,0,5,5,2273,1999,1410,836,1935,0.4320000000000001,207,636,0.325,394,592,0.6659999999999999,438,1267,472,221,115,377,618,672,1678,0.4,204,654,0.312,451,685,0.6579999999999999,305,1084,338,165,96,451,591,61.1,105.6,0.306,0.329,0.513,53.9,56.5,10.3,11.2,0.486,14.5,36.0,0.204,61.1,92.9,0.408,0.39,0.499,46.1,50.3,7.7,7.4,0.461,18.4,26.9,0.269
233,Oral Roberts,34,19,15,0.5589999999999999,-3.83,-1.99,10,6,12,2,5,11,2377,2343,1370,798,1859,0.429,205,575,0.35700000000000004,576,801,0.7190000000000001,363,1157,376,197,131,396,632,829,1859,0.446,208,570,0.365,477,675,0.7070000000000001,345,1173,383,198,114,444,705,66.4,104.4,0.431,0.309,0.531,49.7,47.1,8.7,10.2,0.484,15.0,30.5,0.31,66.4,102.9,0.363,0.307,0.537,50.3,46.2,8.7,8.9,0.502,16.9,30.3,0.257
234,Oregon St,31,17,14,0.5479999999999999,5.93,4.97,8,10,15,2,2,9,1887,1834,1245,665,1577,0.422,160,495,0.32299999999999995,397,573,0.693,293,973,373,241,123,365,590,576,1494,0.386,184,609,0.302,498,673,0.74,326,1044,348,190,97,456,555,62.1,97.7,0.363,0.314,0.51,48.2,56.1,12.5,13.9,0.472,16.5,29.0,0.252,62.1,94.9,0.45,0.408,0.506,51.8,60.4,9.8,9.0,0.447,20.1,32.4,0.333
235,Oregon NCAA,36,26,10,0.722,11.43,7.65,13,5,17,2,6,4,2713,2550,1460,992,2143,0.463,263,726,0.362,466,613,0.76,372,1298,508,207,157,421,655,902,2136,0.422,232,704,0.33,514,739,0.696,418,1252,429,201,96,413,624,68.0,109.3,0.28600000000000003,0.339,0.557,50.9,51.2,8.3,11.0,0.524,14.7,30.8,0.217,68.0,102.7,0.34600000000000003,0.33,0.513,49.1,47.6,8.1,6.8,0.477,14.2,31.1,0.241
236,Pacific,31,12,19,0.387,-3.19,3.31,4,14,6,8,5,8,1996,2115,1255,681,1633,0.417,202,584,0.34600000000000003,432,667,0.648,385,1076,363,125,74,391,667,706,1589,0.444,208,580,0.359,495,694,0.713,298,994,419,159,126,317,625,62.0,102.5,0.408,0.358,0.512,52.0,53.3,6.4,7.3,0.479,16.7,35.6,0.265,62.0,108.6,0.4370000000000001,0.365,0.551,48.0,59.3,8.2,12.0,0.51,14.2,30.1,0.312
237,Penn St,34,18,16,0.529,7.77,7.1,4,14,10,6,3,8,2273,2250,1380,795,1893,0.42,227,679,0.334,456,656,0.695,354,1201,336,206,138,414,692,750,1879,0.399,204,626,0.326,546,780,0.7,380,1216,394,191,123,405,611,65.8,100.1,0.34700000000000003,0.359,0.516,49.7,42.3,9.1,11.0,0.48,15.8,29.7,0.241,65.8,99.1,0.415,0.333,0.5,50.3,52.5,8.4,10.1,0.453,15.3,31.0,0.29100000000000004
238,Penn,28,9,19,0.321,-8.32,-1.36,4,10,4,9,5,10,1687,1882,1125,599,1379,0.434,155,448,0.34600000000000003,334,495,0.675,258,886,329,153,67,419,557,637,1441,0.442,201,534,0.376,407,573,0.71,258,871,371,191,112,322,478,63.1,95.0,0.359,0.325,0.523,50.4,54.9,8.6,7.4,0.491,20.6,29.6,0.242,63.1,106.0,0.398,0.371,0.5489999999999999,49.6,58.2,10.8,12.0,0.512,15.8,29.1,0.282
239,Pepperdine,32,18,14,0.563,3.86,2.8,10,8,10,5,7,7,2020,1972,1280,704,1666,0.423,145,463,0.313,467,630,0.741,300,1062,425,200,108,395,562,719,1742,0.413,142,526,0.27,392,588,0.667,362,1100,395,214,106,392,600,64.2,98.2,0.378,0.278,0.514,49.1,60.4,9.7,8.9,0.466,16.7,28.9,0.28,64.2,95.9,0.338,0.302,0.488,50.9,54.9,10.4,8.8,0.454,16.2,32.2,0.225
240,Pittsburgh,34,19,15,0.5589999999999999,8.45,7.36,8,10,14,4,2,8,2279,2230,1375,835,1866,0.447,164,484,0.339,445,650,0.685,407,1136,561,168,95,336,606,785,1752,0.448,194,551,0.35200000000000004,466,657,0.7090000000000001,331,1070,429,165,115,368,588,61.2,108.4,0.348,0.259,0.524,51.5,67.2,8.0,7.9,0.491,13.4,35.5,0.238,61.2,106.1,0.375,0.314,0.54,48.5,54.6,7.8,8.3,0.503,15.1,31.2,0.266
241,Portland St,29,15,14,0.517,-7.75,-4.86,9,9,9,4,6,9,2083,2098,1165,723,1645,0.44,193,507,0.381,444,598,0.742,283,942,381,183,117,324,511,754,1656,0.455,215,561,0.383,375,512,0.732,311,1034,431,164,90,359,546,67.2,106.3,0.364,0.308,0.54,47.7,52.7,9.3,10.7,0.498,14.4,28.1,0.27,67.2,107.1,0.309,0.339,0.552,52.3,57.2,8.4,7.9,0.52,15.9,32.1,0.226
242,Portland,33,17,16,0.515,3.06,2.67,7,11,9,7,5,7,2315,2253,1340,810,1825,0.444,216,574,0.376,479,668,0.7170000000000001,389,1173,486,192,148,402,610,787,1819,0.433,200,591,0.338,479,655,0.731,331,1047,384,216,100,375,638,64.6,106.9,0.366,0.315,0.54,52.8,60.0,8.9,12.1,0.503,15.8,35.2,0.262,64.6,104.1,0.36,0.325,0.529,47.2,48.8,10.0,8.0,0.488,15.0,29.7,0.263
243,Prairie View,33,15,18,0.455,-10.86,-8.2,12,6,7,3,7,12,2211,2280,1320,822,1923,0.4270000000000001,177,532,0.333,390,604,0.6459999999999999,388,1072,354,287,105,471,716,765,1750,0.4370000000000001,156,534,0.292,594,893,0.665,450,1269,387,216,133,553,580,69.2,96.8,0.314,0.277,0.5,45.8,43.1,12.6,8.6,0.473,17.6,32.1,0.203,69.2,99.8,0.51,0.305,0.524,54.2,50.6,9.5,9.6,0.482,20.3,39.7,0.339
244,Presbyterian,32,10,22,0.313,-16.26,-4.51,6,12,7,8,3,11,1978,2214,1280,741,1656,0.447,136,425,0.32,360,546,0.659,296,1029,341,166,90,415,507,790,1785,0.443,287,760,0.378,347,499,0.695,357,1065,462,221,91,349,512,63.3,97.7,0.33,0.257,0.516,49.1,46.0,8.2,8.8,0.489,17.8,29.5,0.217,63.3,109.4,0.28,0.426,0.547,50.9,58.5,10.9,7.4,0.523,14.7,32.8,0.194
245,Princeton,31,16,14,0.5329999999999999,-1.34,-2.92,9,5,11,3,4,9,2066,1972,1200,673,1455,0.463,252,668,0.377,468,658,0.711,189,913,391,165,90,366,562,676,1548,0.4370000000000001,170,464,0.366,450,637,0.706,254,956,321,178,105,361,574,65.0,105.9,0.452,0.459,0.584,48.8,58.1,8.5,8.3,0.5489999999999999,17.2,21.2,0.322,65.0,101.1,0.411,0.3,0.5329999999999999,51.2,47.5,9.1,13.3,0.4920000000000001,16.3,26.0,0.29100000000000004
246,Providence NCAA,34,22,12,0.647,13.71,9.5,11,7,13,4,5,6,2370,2227,1370,828,1889,0.438,171,546,0.313,543,768,0.7070000000000001,411,1228,474,242,155,407,628,760,1804,0.421,218,654,0.333,489,709,0.69,334,1093,411,196,107,442,656,65.7,105.4,0.407,0.289,0.526,52.9,57.2,10.8,13.5,0.484,15.3,35.1,0.287,65.7,99.0,0.393,0.363,0.52,47.1,54.1,8.7,8.0,0.482,17.1,29.0,0.271
247,Purdue NCAA,34,21,13,0.618,12.93,7.64,12,6,14,3,4,6,2375,2195,1375,827,1840,0.449,195,597,0.327,524,767,0.6829999999999999,409,1249,505,185,177,444,642,749,1868,0.401,200,570,0.35100000000000003,497,717,0.693,376,1087,382,236,110,394,685,64.9,106.4,0.417,0.324,0.539,53.5,61.1,8.3,13.6,0.502,16.8,36.5,0.285,64.9,98.3,0.384,0.305,0.4970000000000001,46.5,51.0,10.6,8.8,0.454,15.1,30.9,0.266
248,Quinnipiac,30,15,15,0.5,-1.46,-3.66,9,11,10,7,5,7,2092,2026,1230,715,1813,0.394,165,537,0.307,497,643,0.773,491,1361,416,107,173,416,570,711,1787,0.398,193,550,0.35100000000000003,411,597,0.688,313,989,364,198,100,286,595,66.4,102.3,0.355,0.29600000000000004,0.494,57.9,58.2,5.2,14.0,0.44,16.4,42.1,0.274,66.4,99.1,0.334,0.308,0.489,42.1,51.2,9.7,7.8,0.452,12.1,26.5,0.23
249,Radford,34,22,12,0.647,-3.89,-5.53,12,6,12,3,8,8,2476,2301,1380,892,1946,0.458,212,634,0.334,480,695,0.691,411,1240,450,242,150,408,611,824,1925,0.428,183,550,0.333,470,672,0.6990000000000001,385,1142,369,223,116,432,592,66.1,108.5,0.35700000000000004,0.326,0.544,52.1,50.4,10.6,10.9,0.513,15.2,35.2,0.247,66.1,100.8,0.349,0.28600000000000003,0.513,47.9,44.8,9.8,8.8,0.476,16.1,31.7,0.244
250,Rhode Island,33,23,10,0.6970000000000001,9.31,2.87,13,5,14,2,7,5,2232,1986,1325,777,1732,0.449,146,482,0.303,532,812,0.655,362,1183,430,215,184,453,694,678,1688,0.402,120,452,0.265,510,772,0.6609999999999999,336,1082,331,218,132,481,668,66.5,101.3,0.469,0.278,0.527,52.2,55.3,9.8,14.9,0.491,17.6,32.7,0.307,66.5,90.1,0.457,0.268,0.483,47.8,48.8,9.9,10.6,0.4370000000000001,19.0,29.0,0.302
251,Rice,32,12,20,0.375,-2.86,-0.79,8,10,7,7,4,10,2052,2107,1315,679,1615,0.42,289,797,0.363,405,548,0.7390000000000001,276,1019,405,190,70,459,606,736,1685,0.4370000000000001,194,556,0.349,441,670,0.6579999999999999,338,1069,430,219,111,404,552,62.8,99.4,0.339,0.493,0.547,48.8,59.6,9.2,6.2,0.51,19.7,27.4,0.251,62.8,102.1,0.398,0.33,0.526,51.2,58.4,10.6,13.6,0.494,16.8,31.3,0.262
252,Richmond,35,21,14,0.6,8.65,3.77,12,6,16,4,4,9,2313,2142,1430,834,1821,0.458,231,680,0.34,414,600,0.69,240,1025,469,242,116,346,595,768,1846,0.416,164,541,0.303,442,618,0.715,392,1233,327,163,103,467,625,61.9,104.5,0.329,0.373,0.5489999999999999,45.4,56.2,10.9,8.9,0.521,14.1,22.2,0.227,61.9,96.8,0.335,0.293,0.501,54.6,42.6,7.4,9.0,0.46,17.9,33.3,0.239
253,Rider,33,21,12,0.636,-1.6,-3.11,15,5,10,3,11,5,2153,2103,1335,784,1790,0.438,200,599,0.334,385,638,0.603,357,1131,400,234,87,413,591,706,1712,0.412,215,658,0.327,476,646,0.737,325,1116,401,216,94,466,611,64.6,100.0,0.35600000000000004,0.335,0.514,50.3,51.0,10.9,8.3,0.494,16.5,31.1,0.215,64.6,97.6,0.377,0.384,0.521,49.7,56.8,10.0,7.9,0.475,18.8,29.6,0.278
254,Robert Morris NCAA,35,20,15,0.5710000000000001,-3.02,-3.5,12,6,10,6,8,8,2414,2397,1410,854,1926,0.443,221,590,0.375,485,684,0.7090000000000001,367,1162,428,300,100,467,650,837,1941,0.431,241,707,0.341,482,730,0.66,446,1262,521,224,121,512,624,66.7,102.6,0.355,0.306,0.536,47.9,50.1,12.8,8.1,0.501,17.2,31.0,0.252,66.7,101.9,0.376,0.364,0.524,52.1,62.2,9.5,9.1,0.493,18.3,35.9,0.248
255,Rutgers,32,10,22,0.313,0.23,8.11,2,16,6,10,2,10,1898,2150,1280,687,1751,0.392,152,515,0.295,372,570,0.653,359,1118,343,178,118,417,530,771,1775,0.434,225,668,0.337,383,568,0.674,347,1164,435,205,105,378,536,64.9,91.3,0.326,0.294,0.469,49.0,49.9,8.6,10.7,0.436,17.1,30.5,0.212,64.9,103.5,0.32,0.376,0.526,51.0,56.4,9.9,8.5,0.498,15.6,31.4,0.21600000000000005
256,Sacramento St,33,21,12,0.636,-4.62,-5.45,13,5,13,2,7,9,2342,2250,1320,841,1729,0.486,208,510,0.408,452,614,0.736,276,974,466,231,78,355,563,812,1743,0.466,221,645,0.343,405,563,0.7190000000000001,330,1042,480,178,115,414,578,63.5,111.7,0.355,0.295,0.58,48.3,55.4,11.0,7.1,0.547,14.9,27.9,0.261,63.5,107.3,0.32299999999999995,0.37,0.56,51.7,59.1,8.5,9.4,0.529,17.1,32.1,0.232
257,Sacred Heart,32,15,17,0.469,-7.36,-5.97,9,9,10,5,4,12,2360,2367,1315,874,1911,0.457,169,529,0.319,443,685,0.647,401,1225,469,210,110,439,588,836,1939,0.431,229,671,0.341,466,652,0.715,396,1175,403,244,111,423,580,69.2,103.7,0.358,0.277,0.528,51.0,53.7,9.2,8.7,0.502,16.4,34.0,0.232,69.2,104.0,0.336,0.34600000000000003,0.526,49.0,48.2,10.7,8.0,0.49,15.8,32.5,0.24
258,St Francis PA,32,16,16,0.5,-5.68,-4.97,9,9,10,3,6,13,2061,2050,1290,724,1653,0.438,226,677,0.334,387,576,0.672,267,998,376,209,83,398,507,744,1718,0.433,194,614,0.316,368,517,0.7120000000000001,324,1091,358,190,93,417,543,63.8,100.2,0.348,0.41,0.535,47.8,51.9,10.2,7.5,0.506,17.1,25.8,0.234,63.8,99.7,0.301,0.35700000000000004,0.522,52.2,48.1,9.2,9.5,0.49,17.5,30.7,0.214
259,St Joseph's PA,31,13,18,0.419,-0.23,2.58,7,11,10,5,3,11,1912,1999,1260,688,1704,0.404,167,559,0.299,369,600,0.615,352,1099,394,205,135,387,523,722,1702,0.424,199,572,0.348,356,533,0.6679999999999999,327,1095,414,191,105,383,554,64.1,94.7,0.35200000000000004,0.328,0.481,50.1,57.3,10.2,11.9,0.453,16.3,31.4,0.217,64.1,99.1,0.313,0.336,0.511,49.9,57.3,9.5,9.2,0.483,16.4,30.4,0.209
260,St Louis,32,11,21,0.344,-5.38,2.43,3,15,9,9,1,10,1912,2122,1290,652,1587,0.411,172,528,0.326,436,666,0.655,290,979,391,170,72,443,630,729,1607,0.454,190,532,0.35700000000000004,474,700,0.677,322,1096,420,219,140,436,638,63.7,93.0,0.42,0.333,0.502,47.2,60.0,8.3,6.7,0.465,18.9,27.3,0.275,63.7,103.3,0.436,0.331,0.547,52.8,57.6,10.7,13.2,0.513,18.4,31.8,0.295
261,St Mary's CA,31,21,10,0.677,8.68,3.78,13,5,14,5,7,4,2141,1984,1260,752,1645,0.457,225,603,0.373,412,576,0.715,328,1115,466,157,70,375,541,710,1660,0.428,176,529,0.333,388,548,0.708,254,902,393,189,93,303,560,62.5,108.8,0.35,0.3670000000000001,0.5579999999999999,55.3,62.0,8.0,6.2,0.526,16.3,33.6,0.25,62.5,100.9,0.33,0.319,0.517,44.7,55.4,9.6,8.9,0.481,13.6,24.4,0.234
262,St Peter's,34,16,18,0.471,-2.95,-3.92,8,12,7,6,7,10,2081,2048,1380,698,1695,0.412,193,563,0.343,492,745,0.66,353,1109,344,213,101,413,654,654,1654,0.395,187,600,0.312,553,758,0.73,332,1103,340,202,115,443,668,61.4,98.3,0.44,0.332,0.508,50.1,49.3,10.1,9.6,0.469,16.8,31.4,0.29,61.4,96.7,0.458,0.363,0.508,49.9,52.0,9.5,10.2,0.452,18.0,30.5,0.334
263,Sam Houston St,35,26,9,0.743,2.97,-6.03,15,3,16,2,8,5,2592,2101,1415,846,1973,0.429,266,808,0.329,634,898,0.706,463,1409,516,229,154,455,712,724,1857,0.39,171,540,0.317,482,746,0.6459999999999999,343,1153,413,209,110,501,727,67.3,108.9,0.455,0.41,0.54,55.0,61.0,9.6,11.7,0.496,15.9,36.4,0.321,67.3,88.3,0.402,0.29100000000000004,0.475,45.0,57.0,8.8,9.4,0.436,18.5,26.6,0.26
264,Samford,32,13,19,0.406,-9.41,-5.57,6,12,8,6,4,11,2216,2301,1285,780,1756,0.444,204,588,0.34700000000000003,452,661,0.684,326,1015,423,235,96,414,657,789,1679,0.47,204,528,0.386,519,770,0.674,345,1099,464,210,136,460,614,67.2,102.6,0.376,0.335,0.535,48.0,54.2,10.9,8.3,0.502,16.7,30.2,0.257,67.2,106.6,0.459,0.314,0.563,52.0,58.8,9.7,11.6,0.531,18.4,33.4,0.309
265,San Diego St NCAA,36,27,9,0.75,11.81,4.24,14,4,16,1,6,5,2226,1939,1455,800,1916,0.418,189,591,0.32,437,694,0.63,439,1270,377,247,179,410,506,716,1864,0.384,181,598,0.303,326,469,0.695,351,1152,332,198,139,470,602,60.8,100.7,0.362,0.308,0.496,52.4,47.1,11.2,14.1,0.467,15.4,35.4,0.228,60.8,87.7,0.252,0.321,0.465,47.6,46.4,9.0,10.5,0.433,18.4,29.7,0.175
266,San Diego,31,15,16,0.484,5.03,3.47,8,10,9,4,4,8,2006,1949,1250,690,1636,0.422,192,562,0.342,434,632,0.687,321,1016,388,199,119,365,618,675,1566,0.431,147,436,0.337,452,652,0.693,317,1049,346,167,110,418,603,63.3,101.4,0.386,0.344,0.518,49.2,56.2,10.1,10.5,0.48,15.9,30.5,0.265,63.3,98.5,0.416,0.278,0.52,50.8,51.3,8.4,10.2,0.478,18.2,31.3,0.289
267,San Francisco,32,14,18,0.438,3.08,2.83,7,11,8,8,4,8,2215,2167,1290,783,1735,0.451,203,596,0.341,446,709,0.629,340,1113,443,186,79,376,647,739,1739,0.425,225,635,0.354,464,667,0.696,338,1093,391,165,94,403,653,65.6,104.8,0.409,0.344,0.535,50.5,56.6,8.8,7.2,0.51,15.4,31.1,0.257,65.6,102.5,0.384,0.365,0.527,49.5,52.9,7.8,8.3,0.49,16.4,30.4,0.267
268,San Jose St,30,2,28,0.067,-16.22,1.92,0,18,2,13,0,12,1612,2086,1205,553,1559,0.355,196,668,0.293,310,475,0.653,272,939,294,145,78,426,548,725,1574,0.461,205,539,0.38,431,656,0.657,293,1112,443,221,85,344,484,64.3,83.2,0.305,0.428,0.452,45.8,53.2,7.5,7.5,0.418,19.3,24.9,0.199,64.3,107.6,0.417,0.342,0.5529999999999999,54.2,61.1,11.4,9.5,0.526,15.4,30.5,0.274
269,Santa Clara,32,14,18,0.438,-0.38,4.12,7,11,9,6,3,9,2027,2136,1285,711,1675,0.424,222,636,0.349,383,520,0.737,296,956,379,180,59,339,599,728,1622,0.449,210,557,0.377,470,672,0.6990000000000001,339,1084,433,166,113,371,552,61.3,102.9,0.31,0.38,0.527,46.9,53.3,9.1,5.5,0.491,15.0,28.4,0.229,61.3,108.5,0.414,0.343,0.55,53.1,59.5,8.4,10.9,0.514,16.0,33.9,0.29
270,Savannah St,31,9,22,0.29,-18.17,-6.27,5,11,7,5,2,16,1758,2072,1205,633,1549,0.409,102,400,0.255,315,548,0.575,328,907,277,263,71,513,588,678,1439,0.471,153,416,0.368,501,722,0.6940000000000001,300,1040,357,279,159,498,554,66.0,88.5,0.354,0.258,0.486,46.6,43.8,13.2,6.9,0.442,22.1,30.7,0.203,66.0,104.3,0.502,0.289,0.581,53.4,52.7,14.0,13.8,0.524,21.8,34.1,0.348
271,Seattle,34,18,16,0.529,-5.85,-4.69,7,7,13,5,2,10,2123,2095,1365,740,1674,0.442,236,609,0.388,407,612,0.665,324,1149,471,185,50,466,572,715,1801,0.397,236,728,0.324,429,593,0.723,319,1020,452,251,97,370,575,62.1,100.1,0.366,0.364,0.54,53.0,63.6,8.7,4.7,0.513,19.2,31.6,0.243,62.1,98.8,0.329,0.404,0.503,47.0,63.2,11.8,9.1,0.463,15.1,27.9,0.238
272,Seton Hall,31,16,15,0.516,7.95,7.56,6,12,10,5,3,9,2119,2107,1250,735,1745,0.421,213,609,0.35,436,664,0.657,391,1123,384,185,127,385,595,752,1749,0.43,167,557,0.3,436,663,0.6579999999999999,363,1100,411,207,116,371,589,66.0,102.7,0.381,0.349,0.514,50.5,52.2,9.0,10.7,0.482,15.7,34.7,0.25,66.0,102.1,0.379,0.318,0.51,49.5,54.7,10.0,10.2,0.478,15.2,33.2,0.249
273,Siena,31,11,20,0.355,-6.93,-2.9,7,13,6,9,5,10,2164,2289,1245,748,1736,0.431,152,458,0.332,516,727,0.71,395,1023,411,233,111,389,649,734,1625,0.452,201,556,0.362,620,828,0.7490000000000001,371,1065,373,200,133,441,628,66.9,103.9,0.419,0.264,0.52,49.0,54.9,11.2,10.4,0.475,15.7,36.3,0.297,66.9,109.9,0.51,0.342,0.5670000000000001,51.0,50.8,9.6,10.4,0.514,17.9,37.1,0.382
274,South Alabama,33,12,21,0.364,-9.46,-3.04,9,11,7,8,4,12,2275,2438,1335,762,1813,0.42,214,640,0.334,537,764,0.703,360,1175,353,157,121,474,586,878,1994,0.44,199,577,0.345,483,688,0.7020000000000001,396,1207,420,213,106,360,639,68.5,99.5,0.421,0.353,0.523,49.3,46.3,6.9,8.5,0.479,17.9,30.7,0.29600000000000004,68.5,106.6,0.345,0.289,0.525,50.7,47.8,9.3,9.0,0.49,13.4,32.7,0.242
275,S Carolina St,33,11,22,0.333,-17.37,-7.46,7,9,6,5,4,14,1965,2203,1325,706,1846,0.382,184,608,0.303,369,612,0.603,394,1142,360,200,101,412,579,789,1776,0.444,218,653,0.334,407,625,0.6509999999999999,361,1237,423,194,135,438,550,65.0,91.3,0.332,0.329,0.46,48.0,51.0,9.3,9.0,0.4320000000000001,16.2,31.0,0.2,65.0,102.4,0.35200000000000004,0.368,0.531,52.0,53.6,9.0,10.9,0.506,17.4,32.6,0.229
276,South Carolina Upstate,36,24,12,0.667,-2.28,-7.5,8,6,14,5,9,7,2579,2198,1440,938,2124,0.442,290,863,0.336,413,631,0.655,482,1372,534,283,114,390,588,783,1992,0.393,246,800,0.308,386,581,0.664,418,1233,421,186,92,491,595,64.9,110.4,0.297,0.406,0.532,52.7,56.9,12.1,9.6,0.51,13.9,37.2,0.194,64.9,94.1,0.292,0.402,0.485,47.3,53.8,8.0,7.3,0.455,17.8,32.0,0.194
277,South Carolina,33,17,16,0.515,10.55,8.24,6,12,10,6,3,7,2146,2046,1320,735,1819,0.404,180,599,0.301,496,673,0.737,406,1178,437,208,133,424,634,658,1699,0.387,196,617,0.318,534,744,0.718,355,1103,338,196,136,456,623,65.3,99.6,0.37,0.329,0.502,51.6,59.5,9.7,12.3,0.454,16.5,35.2,0.273,65.3,94.9,0.438,0.363,0.498,48.4,51.4,9.1,11.1,0.445,18.2,31.5,0.314
278,S Dakota St,35,24,11,0.6859999999999999,3.32,-3.23,12,4,13,0,7,9,2572,2277,1411,867,1918,0.452,280,732,0.383,556,780,0.713,337,1254,428,191,129,399,691,782,1912,0.409,207,616,0.336,506,771,0.6559999999999999,361,1194,391,220,104,431,734,66.6,109.5,0.407,0.382,0.562,51.2,49.4,8.1,10.0,0.525,14.8,28.8,0.29,66.6,96.9,0.403,0.322,0.5,48.8,50.0,9.4,8.8,0.463,15.9,28.2,0.265
279,South Dakota,33,17,16,0.515,-4.9,-3.48,9,7,8,6,8,7,2309,2312,1350,811,1924,0.422,212,589,0.36,475,650,0.731,384,1169,388,184,80,372,603,815,1822,0.447,215,641,0.335,467,633,0.738,291,1110,430,174,112,387,585,65.8,104.0,0.338,0.306,0.517,51.3,47.8,8.3,6.8,0.477,14.3,31.9,0.247,65.8,104.1,0.34700000000000003,0.35200000000000004,0.545,48.7,52.8,7.8,8.4,0.506,15.4,27.0,0.256
280,South Florida,32,9,23,0.281,-4.96,2.56,3,15,8,9,1,13,1970,2189,1295,745,1720,0.433,136,448,0.304,344,556,0.619,343,1084,362,184,156,436,609,736,1742,0.423,216,588,0.3670000000000001,501,736,0.6809999999999999,393,1139,407,214,131,392,551,64.4,94.5,0.32299999999999995,0.26,0.496,48.8,48.6,8.8,13.5,0.473,18.0,31.5,0.2,64.4,105.0,0.423,0.338,0.523,51.2,55.3,10.3,10.3,0.485,15.8,34.7,0.28800000000000003
281,SE Missouri St,30,13,17,0.433,-5.23,-3.73,7,9,9,5,4,9,2087,2064,1205,742,1686,0.44,189,553,0.342,414,621,0.667,346,1050,378,218,132,394,598,703,1611,0.436,204,512,0.398,454,660,0.688,315,1036,361,177,75,413,557,67.2,103.0,0.368,0.328,0.527,50.3,50.9,10.8,12.0,0.496,16.6,32.4,0.246,67.2,101.9,0.41,0.318,0.536,49.7,51.4,8.7,6.6,0.5,17.7,30.9,0.282
282,SE Louisiana,32,9,23,0.281,-10.97,-6.14,6,12,6,6,3,16,2186,2324,1295,807,1760,0.459,185,591,0.313,387,582,0.665,311,1068,389,194,112,492,590,813,1844,0.441,238,663,0.359,460,635,0.7240000000000001,363,1122,414,213,125,429,548,68.4,98.7,0.331,0.336,0.537,48.8,48.2,8.8,9.5,0.511,19.5,29.1,0.22,68.4,104.9,0.344,0.36,0.542,51.2,50.9,9.6,10.7,0.505,16.7,32.4,0.249
283,USC,32,12,20,0.375,2.15,6.15,3,15,8,8,2,9,2143,2271,1300,787,1863,0.422,170,517,0.329,399,629,0.634,366,1149,397,208,133,446,565,811,1923,0.422,224,679,0.33,425,600,0.708,408,1205,430,220,119,427,574,68.8,95.9,0.338,0.278,0.496,48.8,50.4,9.3,10.7,0.468,17.1,31.5,0.214,68.8,101.7,0.312,0.353,0.514,51.2,53.0,9.8,8.8,0.48,16.2,34.3,0.221
284,SIU Edwardsville,28,12,16,0.429,-7.28,-4.54,8,8,11,3,1,12,1909,1884,1125,660,1532,0.431,198,521,0.38,391,579,0.675,292,969,345,178,120,375,518,657,1547,0.425,179,506,0.354,391,577,0.6779999999999999,307,987,378,167,102,382,541,67.3,100.8,0.378,0.34,0.528,49.5,52.3,9.4,11.5,0.495,17.2,30.0,0.255,67.3,99.5,0.373,0.327,0.517,50.5,57.5,8.8,10.1,0.483,17.3,31.2,0.253
285,S Illinois,33,12,21,0.364,-3.48,-0.6,4,14,8,7,2,12,1968,2044,1320,681,1626,0.419,138,418,0.33,468,667,0.7020000000000001,327,1027,274,221,72,423,605,690,1553,0.444,211,557,0.379,453,621,0.7290000000000001,250,973,400,197,105,436,594,61.7,96.7,0.41,0.257,0.506,51.4,40.2,10.9,7.2,0.461,17.9,31.1,0.28800000000000003,61.7,100.4,0.4,0.359,0.5529999999999999,48.7,58.0,9.7,8.7,0.512,19.1,26.3,0.292
286,Southern Methodist NCAA,34,27,7,0.794,12.94,3.57,15,3,16,2,8,4,2350,2032,1365,832,1750,0.475,145,400,0.363,541,770,0.703,388,1244,524,237,146,426,551,691,1815,0.381,268,823,0.326,382,562,0.68,357,1016,421,224,124,441,642,63.3,108.8,0.44,0.229,0.555,55.0,63.0,11.0,14.7,0.517,16.8,37.1,0.309,63.3,94.1,0.31,0.453,0.488,45.0,60.9,10.4,9.2,0.455,17.5,29.4,0.21
287,Southern Miss,29,9,20,0.31,-10.03,-0.06,4,14,8,7,1,13,1742,1978,1170,618,1438,0.43,183,554,0.33,323,515,0.627,248,863,352,178,63,408,449,707,1553,0.455,226,632,0.358,338,491,0.688,318,990,408,207,96,373,480,63.0,94.6,0.358,0.385,0.518,46.6,57.0,9.7,6.8,0.493,19.5,27.0,0.225,63.0,107.4,0.316,0.407,0.5539999999999999,53.4,57.7,11.2,10.9,0.528,17.3,34.1,0.218
288,Southern Utah,29,10,19,0.345,-11.98,-5.48,7,11,5,7,4,11,2011,2146,1170,700,1537,0.455,210,537,0.391,401,599,0.669,218,920,344,144,108,393,651,709,1568,0.452,177,479,0.37,551,789,0.698,284,1002,355,187,83,322,546,68.0,101.1,0.39,0.349,0.552,47.9,49.1,7.2,9.9,0.524,17.7,23.3,0.261,68.0,107.9,0.503,0.305,0.552,52.1,50.1,9.4,8.3,0.509,14.2,28.8,0.35100000000000003
289,Southern Univ,35,18,17,0.514,-9.95,-8.23,13,5,9,4,7,10,2259,2226,1410,801,1895,0.423,150,484,0.31,507,775,0.654,403,1262,359,240,145,462,702,744,1908,0.39,181,605,0.299,557,833,0.669,436,1276,343,211,120,484,682,66.3,96.7,0.409,0.255,0.499,49.7,44.8,10.3,11.1,0.462,17.0,32.4,0.268,66.3,95.3,0.4370000000000001,0.317,0.483,50.3,46.1,9.0,8.5,0.4370000000000001,17.4,33.7,0.292
290,St Bonaventure,31,18,13,0.581,3.93,1.34,10,8,8,6,7,6,2085,2005,1250,733,1723,0.425,158,503,0.314,461,653,0.706,384,1153,383,206,149,384,535,707,1677,0.422,209,577,0.362,382,569,0.6709999999999999,314,1028,407,184,112,401,581,65.1,102.5,0.379,0.292,0.513,52.9,52.3,10.1,13.5,0.471,15.9,35.0,0.268,65.1,98.6,0.339,0.344,0.515,47.1,57.6,9.0,9.2,0.484,17.1,29.0,0.228
291,St Francis NY,35,23,12,0.657,-2.14,-6.2,15,3,12,4,9,7,2418,2262,1415,837,2005,0.417,195,662,0.295,549,809,0.679,521,1361,431,232,172,459,643,783,1839,0.426,179,487,0.368,517,740,0.6990000000000001,337,1126,374,221,105,471,695,65.7,104.0,0.403,0.33,0.506,54.7,51.5,10.0,12.7,0.466,16.1,39.8,0.274,65.7,97.2,0.402,0.265,0.516,45.3,47.8,9.5,7.8,0.474,17.7,28.6,0.281
292,St. John's (NY) NCAA,33,21,12,0.636,11.85,9.04,10,8,15,3,5,6,2343,2240,1325,835,1890,0.442,198,569,0.348,475,687,0.691,336,1164,408,246,210,352,587,793,1948,0.407,230,697,0.33,424,649,0.653,444,1293,445,170,112,436,612,67.6,104.6,0.363,0.301,0.529,47.4,48.9,11.0,16.8,0.494,13.7,28.4,0.251,67.6,100.0,0.333,0.358,0.496,52.6,56.1,7.6,8.5,0.466,16.2,34.9,0.218
293,Stanford,37,24,13,0.649,12.33,7.33,9,9,16,3,4,8,2676,2491,1505,908,2089,0.435,246,651,0.378,614,846,0.726,428,1363,435,204,102,399,708,867,2048,0.423,247,661,0.374,510,747,0.6829999999999999,360,1207,450,176,121,424,738,65.5,108.6,0.405,0.312,0.537,53.0,47.9,8.3,7.4,0.494,13.8,33.6,0.294,65.5,101.1,0.365,0.32299999999999995,0.518,47.0,51.9,7.1,8.4,0.484,15.0,27.8,0.249
294,Stephen F. Austin NCAA,34,29,5,0.853,8.61,-4.2,17,1,15,1,10,3,2672,2188,1365,911,1870,0.487,262,692,0.379,588,799,0.736,413,1176,596,259,120,476,734,730,1665,0.438,155,464,0.334,571,821,0.695,316,994,349,203,113,587,731,68.0,115.2,0.4270000000000001,0.37,0.594,54.2,65.4,11.2,10.0,0.557,17.5,37.9,0.314,68.0,94.4,0.493,0.279,0.532,45.8,47.8,8.8,9.6,0.485,22.2,29.3,0.343
295,Stetson,31,9,22,0.29,-16.22,-6.68,3,11,7,7,1,15,2064,2290,1240,744,1717,0.433,193,586,0.329,383,583,0.657,297,1041,388,139,103,384,543,806,1837,0.439,252,688,0.366,426,589,0.723,377,1172,426,191,102,345,545,67.2,99.1,0.34,0.341,0.518,47.0,52.2,6.7,9.0,0.49,16.1,27.2,0.223,67.2,109.9,0.321,0.375,0.541,53.0,52.9,9.2,9.0,0.507,14.0,33.6,0.232
296,Stony Brook,35,23,12,0.657,-0.03,-4.03,12,4,13,2,9,10,2290,2102,1405,835,1999,0.418,191,576,0.332,429,647,0.6629999999999999,488,1395,420,180,147,416,578,736,1858,0.396,226,662,0.341,404,576,0.701,300,1105,413,221,113,400,621,63.6,102.6,0.324,0.28800000000000003,0.496,55.8,50.3,8.1,12.3,0.465,15.3,37.7,0.215,63.6,94.1,0.31,0.35600000000000004,0.493,44.2,56.1,9.9,7.9,0.457,15.8,24.9,0.217
297,Syracuse,31,18,13,0.581,11.91,7.68,9,9,13,5,4,7,2096,1965,1250,763,1775,0.43,155,515,0.301,415,629,0.66,373,1135,468,258,157,370,471,699,1724,0.405,203,645,0.315,364,517,0.7040000000000001,348,1087,460,196,101,436,538,66.1,101.6,0.354,0.29,0.505,51.1,61.3,12.5,14.6,0.474,15.1,33.5,0.234,66.1,95.2,0.3,0.374,0.499,48.9,65.8,9.5,8.0,0.464,18.1,31.4,0.211
298,Temple,37,26,11,0.703,8.2,3.52,13,5,16,2,7,5,2436,2263,1485,833,2149,0.388,235,772,0.304,535,765,0.6990000000000001,453,1410,457,254,165,352,632,803,2040,0.394,210,669,0.314,447,683,0.654,395,1368,420,187,149,455,631,65.1,100.7,0.35600000000000004,0.359,0.485,50.8,54.9,10.5,12.0,0.442,12.3,31.8,0.249,65.1,93.6,0.335,0.328,0.479,49.2,52.3,7.7,10.8,0.445,16.1,29.2,0.219
299,TN Martin,34,21,13,0.618,-2.12,-3.9,10,6,9,3,12,9,2390,2224,1375,855,1838,0.465,268,681,0.394,412,582,0.708,332,1175,441,178,63,394,507,805,1859,0.433,245,706,0.34700000000000003,369,521,0.708,286,1036,434,195,105,354,562,63.3,109.9,0.317,0.371,0.565,53.1,51.6,8.2,5.5,0.5379999999999999,15.7,30.7,0.224,63.3,102.3,0.28,0.38,0.528,46.9,53.9,9.0,9.1,0.499,14.4,25.3,0.198
300,Tennessee St,31,5,26,0.161,-14.93,-2.38,2,14,5,8,0,17,1793,2111,1240,611,1548,0.395,170,486,0.35,401,648,0.619,297,1022,294,167,108,446,628,712,1666,0.4270000000000001,229,705,0.325,458,679,0.675,346,1117,423,195,110,366,567,64.7,89.3,0.419,0.314,0.483,47.8,48.1,8.3,11.2,0.45,19.4,27.8,0.259,64.7,105.2,0.408,0.423,0.531,52.2,59.4,9.7,10.4,0.496,15.5,32.3,0.275
301,Tennessee Tech,30,12,18,0.4,-6.49,-3.99,4,12,10,4,2,14,2118,2095,1205,768,1741,0.441,169,526,0.321,413,609,0.6779999999999999,396,1110,395,186,103,412,567,723,1613,0.448,204,572,0.35700000000000004,445,657,0.677,290,967,374,224,85,397,533,67.7,103.9,0.35,0.302,0.522,53.4,51.4,9.1,9.9,0.49,16.9,36.9,0.237,67.7,102.7,0.407,0.355,0.544,46.6,51.7,11.0,7.0,0.511,17.1,28.9,0.276
302,Tennessee,32,16,16,0.5,7.23,8.16,7,11,9,7,5,5,2025,2055,1285,725,1706,0.425,194,586,0.331,381,551,0.691,396,1040,350,247,108,387,625,673,1533,0.439,244,661,0.369,465,667,0.6970000000000001,322,996,448,166,103,445,541,61.2,103.0,0.32299999999999995,0.343,0.515,51.1,48.3,12.6,12.4,0.482,16.4,37.0,0.223,61.2,104.5,0.435,0.431,0.555,48.9,66.6,8.4,9.2,0.519,19.4,33.3,0.303
303,Texas A&M-Corpus Christi,34,20,14,0.588,-5.58,-6.43,13,5,10,4,8,8,2266,2192,1365,748,1678,0.446,165,499,0.331,605,881,0.687,333,1101,354,230,91,430,693,725,1731,0.419,197,616,0.32,545,789,0.691,378,1121,389,193,89,459,749,64.2,103.5,0.525,0.297,0.54,49.5,47.3,10.5,8.2,0.495,17.0,30.9,0.361,64.2,100.1,0.456,0.35600000000000004,0.52,50.5,53.7,8.8,7.5,0.476,17.9,33.0,0.315
304,Texas A&M,33,21,12,0.636,10.73,5.91,11,7,14,4,5,6,2236,2077,1330,805,1778,0.453,181,521,0.34700000000000003,445,676,0.6579999999999999,374,1197,485,186,97,410,595,703,1749,0.402,232,748,0.31,439,637,0.6890000000000001,324,1045,423,204,140,414,601,64.3,104.6,0.38,0.293,0.5329999999999999,53.4,60.2,8.7,9.7,0.504,16.3,34.2,0.25,64.3,97.1,0.364,0.428,0.506,46.6,60.2,9.5,11.1,0.468,16.8,28.2,0.251
305,UT Arlington,31,16,15,0.516,-3.59,-2.76,10,10,9,5,7,9,2220,2206,1245,779,1773,0.439,205,648,0.316,457,679,0.6729999999999999,352,1144,399,206,107,453,654,727,1781,0.408,228,718,0.318,524,735,0.713,387,1130,391,205,129,432,596,70.2,101.6,0.383,0.365,0.53,50.3,51.2,9.4,10.1,0.4970000000000001,17.8,32.1,0.258,70.2,100.9,0.413,0.403,0.518,49.7,53.8,9.4,11.5,0.472,16.9,32.8,0.294
306,TCU,33,18,15,0.545,11.1,5.32,4,14,13,6,2,8,2249,2058,1330,791,1809,0.4370000000000001,150,459,0.327,517,841,0.615,445,1214,435,207,176,395,681,684,1708,0.4,140,418,0.335,550,820,0.6709999999999999,386,1127,345,189,146,431,725,64.7,104.6,0.465,0.254,0.509,51.9,55.0,9.6,13.6,0.479,15.2,37.5,0.28600000000000003,64.7,95.7,0.48,0.245,0.491,48.1,50.4,8.8,10.8,0.441,17.0,33.4,0.322
307,UTEP,33,22,11,0.667,4.89,-0.51,13,5,13,2,5,7,2282,2104,1325,800,1717,0.466,185,506,0.366,497,752,0.6609999999999999,312,1140,452,178,133,406,566,760,1832,0.415,197,586,0.336,387,584,0.6629999999999999,352,1108,384,203,96,406,631,65.4,105.4,0.438,0.295,0.55,50.7,56.5,8.2,10.7,0.52,16.4,29.2,0.289,65.4,97.1,0.319,0.32,0.499,49.3,50.5,9.4,7.9,0.469,16.1,29.8,0.211
308,UTRGV,31,10,21,0.32299999999999995,-14.46,-4.68,4,10,8,4,1,15,1927,2179,1240,678,1610,0.421,130,433,0.3,441,652,0.6759999999999999,322,1000,411,171,102,417,544,772,1754,0.44,220,637,0.345,415,574,0.723,391,1120,445,217,104,381,592,65.0,95.6,0.405,0.269,0.502,47.2,60.6,8.5,9.1,0.461,17.8,30.6,0.274,65.0,108.1,0.327,0.363,0.5379999999999999,52.8,57.6,10.8,8.8,0.503,15.8,36.6,0.237
309,UT San Antonio,30,14,16,0.467,-3.33,-2.61,8,10,7,8,7,7,2120,2111,1205,717,1701,0.422,191,587,0.325,495,708,0.6990000000000001,387,1071,370,213,69,370,501,756,1678,0.451,240,660,0.364,359,495,0.725,311,1004,413,198,163,411,612,66.9,105.1,0.416,0.345,0.52,51.6,51.6,10.6,6.8,0.478,15.4,35.8,0.29100000000000004,66.9,104.7,0.295,0.393,0.552,48.4,54.6,9.8,14.6,0.522,17.7,31.3,0.214
310,Texas Southern NCAA,35,22,13,0.629,-5.98,-6.09,16,2,9,1,10,11,2390,2386,1430,818,1840,0.445,185,574,0.322,569,861,0.6609999999999999,394,1193,375,214,109,454,609,882,1983,0.445,193,561,0.344,429,656,0.654,422,1194,421,228,132,431,727,64.5,103.6,0.468,0.312,0.531,50.0,45.8,9.3,7.7,0.495,16.8,33.8,0.309,64.5,103.5,0.331,0.28300000000000003,0.52,50.0,47.7,9.9,10.4,0.493,15.8,34.6,0.21600000000000005
311,Texas St,31,14,17,0.452,-5.25,-3.36,7,13,9,6,4,10,1905,1854,1265,664,1645,0.404,159,506,0.314,418,606,0.69,315,1003,345,224,77,395,546,642,1561,0.411,159,528,0.301,411,574,0.716,316,1079,333,191,102,478,569,63.4,95.1,0.368,0.308,0.493,48.2,52.0,11.2,7.5,0.452,17.0,29.2,0.254,63.4,92.5,0.368,0.338,0.506,51.8,51.9,9.5,9.0,0.462,20.7,31.5,0.263
312,Texas Tech,32,13,19,0.406,3.77,7.2,3,15,13,6,0,10,1949,2059,1290,652,1610,0.405,169,524,0.32299999999999995,476,742,0.642,374,1072,356,187,131,442,558,712,1668,0.4270000000000001,217,640,0.339,418,619,0.675,337,1043,376,234,123,408,638,63.0,95.9,0.461,0.325,0.4970000000000001,50.7,54.6,9.2,12.7,0.457,18.4,34.6,0.29600000000000004,63.0,101.3,0.371,0.384,0.525,49.3,52.8,11.5,11.3,0.4920000000000001,17.2,32.6,0.251
313,Texas NCAA,34,20,14,0.588,16.16,9.07,8,10,13,5,4,7,2290,2049,1375,796,1837,0.433,212,626,0.339,486,671,0.7240000000000001,422,1351,442,128,265,435,555,702,1910,0.368,204,588,0.34700000000000003,441,665,0.6629999999999999,372,1063,355,214,105,303,631,62.9,105.9,0.365,0.341,0.531,56.0,55.5,5.9,20.0,0.491,16.8,37.9,0.265,62.9,94.7,0.348,0.308,0.46,44.0,50.6,9.9,8.7,0.421,12.0,28.6,0.231
314,Toledo,33,20,13,0.606,4.86,0.62,11,7,10,4,9,7,2483,2343,1330,863,1837,0.47,195,533,0.366,562,757,0.742,360,1204,432,170,108,405,563,844,1935,0.436,234,739,0.317,421,599,0.703,353,1075,425,232,109,361,654,67.2,111.1,0.412,0.29,0.565,52.8,50.1,7.6,9.0,0.523,15.6,33.3,0.306,67.2,104.8,0.31,0.382,0.528,47.2,50.4,10.4,8.4,0.4970000000000001,14.0,29.5,0.218
315,Towson,32,12,20,0.375,-7.02,-3.8,5,13,4,9,6,10,2034,2080,1300,689,1678,0.411,134,429,0.312,522,787,0.6629999999999999,468,1256,290,113,127,423,672,689,1668,0.413,185,552,0.335,517,736,0.7020000000000001,318,979,358,194,145,298,638,61.6,101.6,0.469,0.256,0.496,56.2,42.1,5.6,11.4,0.451,17.1,41.5,0.311,61.6,103.9,0.441,0.331,0.515,43.8,52.0,9.7,11.6,0.469,12.9,28.8,0.31
316,Troy,29,10,19,0.345,-8.72,-5.09,5,15,5,9,4,10,1946,2013,1170,674,1566,0.43,192,577,0.333,406,612,0.6629999999999999,316,986,271,193,61,410,456,738,1678,0.44,198,615,0.322,339,478,0.7090000000000001,346,1033,386,186,92,383,534,66.6,100.0,0.391,0.368,0.524,48.8,40.2,9.9,5.7,0.4920000000000001,18.1,31.5,0.259,66.6,103.4,0.285,0.3670000000000001,0.528,51.2,52.3,9.6,9.3,0.499,16.7,34.1,0.202
317,Tulane,31,15,16,0.484,-1.51,0.32,6,12,9,8,6,5,1973,1984,1265,699,1700,0.411,199,610,0.326,376,579,0.649,365,1076,349,193,62,397,550,722,1615,0.447,158,477,0.331,382,584,0.654,289,1023,365,190,132,414,563,63.6,98.1,0.341,0.359,0.499,51.3,49.9,9.6,5.4,0.47,16.7,33.2,0.221,63.6,98.6,0.362,0.295,0.524,48.7,50.6,9.4,12.1,0.496,18.0,28.9,0.237
318,Tulsa,34,23,11,0.6759999999999999,6.66,2.81,14,4,13,5,8,4,2188,2064,1370,758,1820,0.416,188,586,0.321,484,746,0.649,375,1246,375,198,116,389,573,722,1835,0.393,239,709,0.337,381,581,0.6559999999999999,345,1177,383,179,119,439,659,64.1,99.6,0.41,0.322,0.503,51.4,49.5,9.0,10.3,0.468,15.2,31.1,0.266,64.1,93.9,0.317,0.386,0.489,48.6,53.0,8.1,9.6,0.459,17.2,28.4,0.208
319,UCLA NCAA,36,22,14,0.611,12.07,8.27,11,7,16,1,2,8,2590,2453,1450,930,2099,0.443,223,606,0.368,507,750,0.6759999999999999,440,1367,498,238,139,430,645,855,2054,0.416,281,790,0.35600000000000004,462,664,0.696,371,1233,499,228,120,438,650,67.3,106.1,0.35700000000000004,0.289,0.527,52.6,53.5,9.8,11.0,0.496,14.9,33.8,0.242,67.3,100.5,0.32299999999999995,0.385,0.518,47.4,58.4,9.3,8.0,0.485,15.6,28.6,0.225
320,Utah St,31,18,13,0.581,2.92,0.28,11,7,11,5,7,7,2064,1973,1255,721,1596,0.452,233,591,0.394,389,579,0.672,215,978,445,149,142,323,505,719,1782,0.403,189,637,0.297,346,523,0.662,393,1158,412,190,77,337,521,63.0,104.4,0.363,0.37,0.552,45.8,61.7,7.5,12.4,0.525,14.7,21.9,0.244,63.0,99.8,0.293,0.35700000000000004,0.486,54.2,57.3,9.6,7.7,0.457,14.2,34.0,0.194
321,Utah Valley,30,11,19,0.3670000000000001,-12.72,-4.87,5,9,8,5,3,13,1758,1923,1200,616,1540,0.4,169,566,0.299,357,514,0.695,297,989,387,134,69,385,519,673,1562,0.431,182,540,0.337,395,555,0.7120000000000001,283,998,347,205,107,334,523,62.5,93.8,0.334,0.368,0.493,49.8,62.8,7.2,6.8,0.455,17.7,29.3,0.232,62.5,102.6,0.355,0.34600000000000003,0.527,50.2,51.6,10.9,11.0,0.489,15.5,29.0,0.253
322,Utah NCAA,35,26,9,0.743,20.98,7.42,13,5,16,1,6,5,2496,1999,1405,849,1760,0.482,264,654,0.404,534,760,0.703,322,1204,489,208,175,407,581,704,1832,0.384,169,537,0.315,422,617,0.684,342,1040,307,195,109,408,686,62.6,113.5,0.4320000000000001,0.3720000000000001,0.588,53.7,57.6,9.5,13.5,0.557,16.1,31.6,0.303,62.6,90.9,0.337,0.293,0.47,46.3,43.6,8.9,9.9,0.43,16.1,27.9,0.23
323,Valparaiso NCAA,34,28,6,0.8240000000000001,6.29,-2.0,13,3,15,1,8,4,2366,2021,1365,837,1836,0.456,236,620,0.381,456,676,0.675,397,1276,443,203,157,422,563,689,1802,0.382,228,688,0.331,415,589,0.705,323,1040,388,228,110,415,621,63.8,108.6,0.368,0.338,0.5479999999999999,55.1,52.9,9.3,14.1,0.52,16.4,35.6,0.248,63.8,92.8,0.327,0.382,0.485,44.9,56.3,10.5,9.0,0.446,16.6,26.9,0.23
324,Vanderbilt,35,21,14,0.6,11.89,6.22,9,9,15,4,5,8,2472,2252,1420,838,1775,0.472,255,651,0.392,541,764,0.708,339,1184,541,168,186,452,603,789,1941,0.406,216,637,0.339,458,662,0.6920000000000001,409,1119,388,233,102,407,670,63.5,109.8,0.43,0.3670000000000001,0.578,51.4,64.6,7.5,14.3,0.544,17.5,32.3,0.305,63.5,100.0,0.341,0.328,0.499,48.6,49.2,10.3,9.1,0.462,15.3,32.6,0.236
325,Vermont,34,20,14,0.588,1.21,-5.52,12,4,13,4,7,10,2279,2012,1370,801,1701,0.471,182,513,0.355,495,715,0.6920000000000001,274,1129,446,216,173,442,648,679,1757,0.386,158,519,0.304,496,701,0.708,335,1077,323,231,124,439,658,64.3,103.5,0.42,0.302,0.5579999999999999,51.2,55.7,9.8,14.0,0.524,17.8,27.0,0.29100000000000004,64.3,91.4,0.399,0.295,0.481,48.8,47.6,10.5,10.4,0.431,17.4,28.2,0.282
326,Villanova NCAA,36,33,3,0.917,23.13,7.55,16,2,15,0,9,2,2754,2193,1450,916,1951,0.47,326,837,0.389,596,815,0.731,371,1235,570,278,146,382,596,797,1964,0.406,193,632,0.305,406,597,0.68,392,1163,430,196,96,508,702,65.0,116.9,0.418,0.429,0.589,51.5,62.2,11.8,11.0,0.5529999999999999,14.0,32.5,0.305,65.0,93.1,0.304,0.322,0.488,48.5,54.0,8.3,8.6,0.455,18.4,31.2,0.207
327,Virginia Commonwealth NCAA,36,26,10,0.722,12.79,6.1,12,6,12,4,8,4,2609,2368,1475,896,2139,0.419,293,854,0.343,524,797,0.657,444,1277,456,342,153,383,690,822,1892,0.434,229,664,0.345,495,716,0.691,367,1319,467,210,124,577,672,66.4,106.5,0.373,0.399,0.518,49.2,50.9,14.0,12.5,0.487,13.2,31.8,0.245,66.4,96.7,0.378,0.35100000000000003,0.53,50.8,56.8,8.6,9.6,0.495,20.5,30.6,0.262
328,VMI,30,11,19,0.3670000000000001,-9.85,-3.92,7,11,6,7,4,9,2415,2428,1220,829,2074,0.4,342,1078,0.317,415,607,0.684,434,1178,408,255,177,449,646,873,1845,0.473,154,455,0.338,528,772,0.684,367,1262,407,238,128,505,549,77.5,102.2,0.293,0.52,0.511,48.3,49.2,10.8,12.7,0.482,16.0,32.7,0.2,77.5,102.7,0.418,0.247,0.5489999999999999,51.7,46.6,10.1,12.9,0.515,18.6,33.0,0.28600000000000003
329,Virginia Tech,33,11,22,0.333,1.29,5.32,2,16,9,9,0,11,2156,2289,1330,779,1747,0.446,241,619,0.389,357,558,0.64,274,978,395,144,97,386,598,810,1844,0.439,252,718,0.35100000000000003,417,623,0.669,406,1188,459,173,148,403,546,64.1,101.2,0.319,0.354,0.536,45.2,50.7,6.8,8.6,0.515,16.1,25.9,0.204,64.1,107.5,0.338,0.389,0.535,54.8,56.7,8.1,13.1,0.508,15.8,36.6,0.226
330,Virginia NCAA,34,30,4,0.882,21.73,7.81,16,2,15,1,11,1,2224,1751,1370,804,1758,0.457,170,483,0.35200000000000004,446,614,0.726,358,1232,430,186,143,316,484,622,1697,0.3670000000000001,191,621,0.308,314,486,0.6459999999999999,280,969,308,171,94,359,555,58.6,110.8,0.349,0.275,0.5429999999999999,56.0,53.5,9.3,13.3,0.506,13.4,34.2,0.254,58.6,87.2,0.28600000000000003,0.366,0.454,44.0,49.5,8.5,7.4,0.423,15.7,24.3,0.185
331,Wagner,30,10,20,0.333,-11.47,-4.99,8,10,8,5,2,15,2052,2206,1220,722,1804,0.4,179,574,0.312,429,616,0.696,445,1112,324,195,79,420,681,721,1542,0.468,200,530,0.377,564,816,0.691,287,1022,410,209,141,424,579,67.9,99.2,0.341,0.318,0.489,52.1,44.9,9.4,7.8,0.45,16.7,37.7,0.238,67.9,106.6,0.529,0.344,0.5720000000000001,47.9,56.9,10.1,11.5,0.532,18.0,30.1,0.366
332,Wake Forest,32,13,19,0.406,4.62,7.68,5,13,11,7,2,10,2209,2307,1295,762,1809,0.421,206,614,0.336,479,751,0.638,375,1200,451,208,123,428,579,825,1834,0.45,218,645,0.338,439,645,0.6809999999999999,296,1100,429,260,127,379,626,68.6,99.5,0.415,0.339,0.51,52.2,59.2,9.4,10.3,0.478,16.5,31.8,0.265,68.6,103.9,0.35200000000000004,0.35200000000000004,0.539,47.8,52.0,11.7,10.6,0.509,15.0,26.4,0.239
333,Washington St,31,13,18,0.419,0.14,6.08,7,11,8,6,3,9,2189,2373,1255,743,1712,0.434,214,626,0.342,489,679,0.72,282,1026,453,120,102,367,570,866,1850,0.468,205,548,0.374,436,630,0.6920000000000001,324,1110,417,187,93,299,594,67.6,103.2,0.397,0.366,0.5379999999999999,48.0,61.0,5.7,7.8,0.496,15.3,26.4,0.28600000000000003,67.6,111.8,0.341,0.29600000000000004,0.552,52.0,48.2,8.8,8.6,0.524,12.2,30.3,0.236
334,Washington,31,16,15,0.516,5.57,4.83,5,13,8,7,3,7,2128,2105,1245,765,1747,0.438,193,579,0.333,405,593,0.6829999999999999,329,1082,412,152,153,361,535,765,1816,0.421,177,535,0.331,398,575,0.6920000000000001,375,1101,366,187,96,346,553,66.2,103.3,0.339,0.331,0.524,49.6,53.9,7.4,11.9,0.493,15.1,31.2,0.232,66.2,102.2,0.317,0.295,0.504,50.4,47.8,9.1,8.2,0.47,14.2,33.2,0.219
335,Weber St,30,13,17,0.433,-7.29,-3.5,8,10,8,6,4,9,2010,2041,1210,641,1518,0.422,217,607,0.35700000000000004,511,683,0.748,283,997,358,158,120,402,539,753,1680,0.448,167,467,0.358,368,516,0.713,303,994,356,194,87,334,579,64.8,102.6,0.45,0.4,0.545,50.1,55.9,8.1,9.9,0.494,17.9,29.1,0.337,64.8,104.2,0.307,0.278,0.53,49.9,47.3,9.9,9.5,0.498,14.8,29.8,0.219
336,West Virginia NCAA,35,25,10,0.7140000000000001,15.12,9.29,11,7,12,3,5,5,2542,2338,1410,872,2138,0.408,227,719,0.316,571,863,0.662,575,1272,494,376,96,453,821,762,1626,0.469,191,523,0.365,623,903,0.69,312,1169,406,200,146,678,783,68.7,104.9,0.404,0.336,0.499,52.1,56.7,15.5,8.7,0.461,15.1,40.2,0.267,68.7,96.5,0.555,0.322,0.569,47.9,53.3,8.3,10.3,0.527,24.8,30.9,0.383
337,W Carolina,32,15,17,0.469,-5.83,-3.56,9,9,7,5,6,10,2251,2284,1305,799,1839,0.434,197,576,0.342,456,651,0.7,401,1130,375,260,141,435,671,714,1681,0.425,243,685,0.355,613,858,0.7140000000000001,374,1120,396,246,116,462,616,66.8,103.3,0.354,0.313,0.524,50.2,46.9,11.9,14.2,0.488,16.8,35.0,0.248,66.8,104.8,0.51,0.407,0.547,49.8,55.5,11.3,9.2,0.4970000000000001,18.1,33.9,0.365
338,W Illinois,28,8,20,0.28600000000000003,-13.81,-2.93,3,13,8,6,0,13,1747,1983,1125,618,1543,0.401,188,537,0.35,323,463,0.698,207,907,335,148,67,352,483,698,1578,0.442,181,518,0.349,406,577,0.7040000000000001,269,1054,353,172,93,326,465,67.8,91.5,0.3,0.348,0.495,46.3,54.2,7.8,6.3,0.461,16.6,20.9,0.209,67.8,103.9,0.366,0.328,0.535,53.7,50.6,9.0,9.2,0.5,15.0,27.8,0.257
339,WKU,32,20,12,0.625,1.12,-0.44,12,6,13,3,5,8,2285,2149,1295,793,1824,0.435,248,685,0.362,451,690,0.654,363,1190,456,175,106,413,580,765,1817,0.421,209,639,0.327,410,606,0.677,339,1126,392,204,108,429,605,67.9,104.0,0.378,0.376,0.531,51.4,57.5,8.0,9.0,0.503,16.1,31.6,0.247,67.9,97.8,0.334,0.35200000000000004,0.51,48.6,51.2,9.3,9.5,0.479,16.9,29.1,0.226
340,W Michigan,34,20,14,0.588,0.25,0.19,10,8,13,3,5,9,2401,2354,1375,819,1802,0.454,236,649,0.364,527,750,0.703,338,1108,424,220,77,406,615,810,1827,0.443,264,747,0.353,470,653,0.72,333,1090,430,202,101,427,679,64.8,107.7,0.416,0.36,0.556,50.4,51.8,9.9,7.1,0.52,15.8,30.9,0.292,64.8,105.6,0.35700000000000004,0.409,0.551,49.6,53.1,9.1,8.8,0.516,16.7,30.2,0.257
341,Wichita St NCAA,35,30,5,0.857,15.56,3.68,17,1,15,0,10,2,2460,2008,1410,860,1933,0.445,239,670,0.35700000000000004,501,715,0.701,415,1245,476,250,134,327,587,691,1721,0.402,187,531,0.35200000000000004,439,634,0.6920000000000001,304,1077,314,142,116,464,638,61.9,112.7,0.37,0.34700000000000003,0.541,53.6,55.3,11.5,11.3,0.507,12.6,34.9,0.259,61.9,92.0,0.368,0.309,0.4970000000000001,46.4,45.4,6.5,9.2,0.456,18.7,26.8,0.255
342,William & Mary,33,20,13,0.606,2.82,-1.15,12,6,12,2,6,10,2414,2208,1330,834,1726,0.483,293,736,0.398,453,617,0.7340000000000001,248,1065,487,204,137,379,513,789,1838,0.429,243,700,0.34700000000000003,387,561,0.69,334,1076,435,228,79,376,564,64.6,112.4,0.35700000000000004,0.426,0.598,49.7,58.4,9.5,12.0,0.568,15.8,25.1,0.262,64.6,102.8,0.305,0.381,0.525,50.3,55.1,10.6,8.0,0.495,15.2,29.0,0.211
343,Winthrop,32,19,13,0.594,-3.9,-7.38,12,6,11,3,6,9,2356,2159,1300,812,1809,0.449,251,700,0.359,481,664,0.7240000000000001,332,1127,388,224,140,387,574,742,1817,0.408,198,612,0.324,477,686,0.695,376,1143,337,194,111,434,581,67.4,107.6,0.3670000000000001,0.387,0.555,49.6,47.8,10.2,11.6,0.518,15.4,30.2,0.266,67.4,98.6,0.378,0.337,0.504,50.4,45.4,8.9,10.0,0.463,16.8,32.1,0.263
344,Wisconsin NCAA,40,36,4,0.9,24.61,10.29,16,2,15,1,10,2,2900,2327,1610,1014,2115,0.479,288,790,0.365,584,765,0.763,383,1338,504,174,127,296,501,896,2092,0.428,202,538,0.375,333,469,0.71,297,1106,358,163,84,378,723,59.5,121.1,0.362,0.374,0.585,54.7,49.7,7.3,8.2,0.5479999999999999,10.7,32.1,0.276,59.5,97.2,0.224,0.257,0.503,45.3,40.0,6.8,6.3,0.477,14.0,23.7,0.159
345,Wofford NCAA,35,28,7,0.8,2.56,-2.98,16,2,13,1,10,5,2331,2089,1400,818,1802,0.454,222,596,0.3720000000000001,473,688,0.688,324,1139,461,228,87,379,589,737,1763,0.418,173,559,0.309,442,629,0.703,300,1089,317,184,114,445,651,62.7,106.2,0.382,0.331,0.547,51.1,56.4,10.4,7.2,0.516,15.1,29.1,0.262,62.7,95.2,0.35700000000000004,0.317,0.507,48.9,43.0,8.4,9.5,0.467,17.8,26.9,0.251
346,Wright St,31,11,20,0.355,-6.41,-1.14,3,13,4,8,6,10,1989,2107,1250,715,1619,0.442,194,571,0.34,365,524,0.6970000000000001,232,902,407,168,75,373,594,722,1602,0.451,187,528,0.354,476,648,0.735,295,1060,393,172,107,404,498,64.4,98.8,0.324,0.353,0.532,46.0,56.9,8.3,7.0,0.502,16.6,23.3,0.225,64.4,104.6,0.404,0.33,0.552,54.0,54.4,8.5,10.2,0.509,17.5,30.6,0.297
347,Wyoming NCAA,35,25,10,0.7140000000000001,3.81,-0.04,11,7,17,2,5,7,2151,1974,1430,747,1619,0.461,209,642,0.326,448,638,0.7020000000000001,216,1047,501,191,102,392,481,715,1775,0.403,219,630,0.348,325,462,0.703,298,1052,350,187,79,377,645,58.3,103.1,0.394,0.397,0.56,49.9,67.1,9.2,8.9,0.526,16.9,22.3,0.277,58.3,94.6,0.26,0.355,0.495,50.1,49.0,9.0,8.1,0.465,15.9,26.4,0.183
348,Xavier NCAA,37,23,14,0.622,15.42,9.48,9,9,13,3,5,7,2712,2492,1505,956,2011,0.475,234,666,0.35100000000000003,566,775,0.73,364,1282,596,223,106,447,661,886,2035,0.435,261,756,0.345,459,678,0.677,345,1145,485,245,133,464,740,65.6,109.8,0.385,0.331,0.57,52.8,62.3,9.0,8.3,0.534,15.8,31.3,0.281,65.6,100.9,0.333,0.371,0.529,47.2,54.7,9.9,9.9,0.5,16.4,27.3,0.226
349,Yale,33,22,10,0.688,3.53,-0.87,11,4,9,3,11,6,2164,1931,1300,740,1667,0.444,220,595,0.37,464,653,0.711,360,1139,437,188,127,406,552,698,1679,0.416,171,552,0.31,364,538,0.677,298,956,343,196,100,389,625,62.3,106.9,0.392,0.35700000000000004,0.547,54.4,59.1,9.3,11.3,0.51,17.0,35.4,0.278,62.3,95.4,0.32,0.329,0.499,45.6,49.1,9.7,9.3,0.467,16.7,27.7,0.217
350,Youngstown St,32,11,21,0.344,-7.63,-1.73,2,14,6,9,3,12,2287,2394,1290,807,1826,0.442,208,588,0.354,465,670,0.6940000000000001,315,1055,450,192,67,374,586,843,1858,0.454,240,651,0.369,468,667,0.7020000000000001,371,1173,470,196,117,392,574,68.2,104.0,0.3670000000000001,0.322,0.5329999999999999,47.4,55.8,8.7,5.6,0.499,14.9,28.2,0.255,68.2,108.8,0.359,0.35,0.55,52.6,55.8,8.9,9.5,0.518,15.3,33.4,0.252
