,School,Overall G,Overall W,Overall L,Overall W-L%,Overall SRS,Overall SOS,Conf. W,Conf. L,Home W,Home L,Away W,Away L,Points Tm.,Points Opp.,MP,Opponent Totals FG,Opponent Totals FGA,Opponent Totals FG%,Opponent Totals 3P,Opponent Totals 3PA,Opponent Totals 3P%,Opponent Totals FT,Opponent Totals FTA,Opponent Totals FT%,Opponent Totals ORB,Opponent Totals TRB,Opponent Totals AST,Opponent Totals STL,Opponent Totals BLK,Opponent Totals TOV,Opponent Totals PF
1,Abilene Christian,29,13,16,.448,-11.86,-7.10,7,11,9,5,4,11,2009,2073,1180,708,1557,.455,210,581,.361,447,671,.666,294,1017,393,178,88,427,502
2,Air Force,33,12,21,.364,-3.06,1.00,4,14,11,7,0,11,2411,2477,1335,861,1883,.457,320,880,.364,435,613,.710,275,1135,514,199,113,407,684
3,Akron,36,27,9,.750,3.59,-1.21,14,4,13,2,7,6,2772,2550,1440,913,2058,.444,249,683,.365,475,673,.706,347,1188,411,210,72,415,671
4,Alabama A&M,29,2,27,.069,-26.99,-11.09,2,16,1,9,1,18,1794,2255,1175,821,1724,.476,214,588,.364,399,586,.681,356,1055,410,199,100,268,532
5,Alabama-Birmingham,33,17,16,.515,-1.17,-1.83,9,9,11,5,4,8,2369,2316,1330,836,1941,.431,250,731,.342,394,569,.692,339,1080,420,219,100,381,593
6,Alabama State,31,8,23,.258,-19.75,-10.75,6,12,6,5,1,17,2042,2305,1260,798,1799,.444,196,572,.343,513,755,.679,363,1170,392,230,93,394,568
7,Alabama,34,19,15,.559,11.29,7.47,10,8,11,6,5,6,2330,2200,1380,748,1848,.405,209,628,.333,495,738,.671,329,1138,325,215,100,460,662
8,Albany (NY),35,21,14,.600,-0.16,-4.69,10,6,11,5,9,8,2496,2301,1400,808,1873,.431,276,809,.341,409,578,.708,262,1008,442,197,144,399,630
9,Alcorn State,32,18,14,.563,-12.33,-10.95,13,5,11,2,6,11,2221,2175,1285,768,1838,.418,181,592,.306,458,707,.648,370,1173,424,220,82,418,555
10,American,30,8,22,.267,-10.30,-3.50,5,13,4,11,4,11,1845,2049,1205,716,1528,.469,172,468,.368,445,632,.704,258,996,384,198,84,397,493
11,Appalachian State,30,9,21,.300,-8.67,-1.60,4,14,8,6,1,14,2208,2279,1205,788,1718,.459,194,516,.376,509,742,.686,284,1097,394,180,105,382,621
12,Arizona State,33,15,18,.455,4.02,7.11,7,11,9,7,4,6,2593,2695,1325,978,2040,.479,304,835,.364,435,611,.712,366,1310,621,171,130,440,604
13,Arizona NCAA,37,32,5,.865,18.25,7.63,16,2,15,1,9,1,2833,2440,1480,893,2121,.421,239,772,.310,415,607,.684,339,1107,477,175,109,432,729
14,Little Rock,32,15,17,.469,-6.07,-3.80,6,12,9,6,4,9,2188,2185,1290,739,1661,.445,228,633,.360,479,668,.717,280,1034,404,172,79,430,528
15,Arkansas-Pine Bluff,32,7,25,.219,-22.81,-10.28,6,12,6,6,1,19,1977,2320,1305,731,1631,.448,207,651,.318,651,920,.708,364,1153,432,305,93,535,528
16,Arkansas State,32,20,12,.625,0.87,-2.10,11,7,12,1,7,9,2346,2211,1285,760,1755,.433,195,617,.316,496,724,.685,306,1074,411,181,125,422,656
17,Arkansas NCAA,36,26,10,.722,14.04,8.60,12,6,15,3,6,5,2855,2659,1440,901,2159,.417,263,792,.332,594,843,.705,460,1322,454,187,118,477,670
18,Army,32,13,19,.406,-5.84,-4.10,6,12,9,8,4,10,2324,2340,1295,839,1907,.440,220,666,.330,442,641,.690,275,1128,434,239,123,403,548
19,Auburn,32,18,14,.563,8.17,7.33,7,11,10,5,6,6,2573,2546,1290,861,1972,.437,273,765,.357,551,765,.720,398,1248,435,197,93,482,725
20,Austin Peay,30,11,19,.367,-11.00,-2.32,7,9,5,8,4,11,2331,2515,1215,922,1877,.491,264,714,.370,407,558,.729,364,1122,473,167,85,407,616
21,Ball State,34,21,13,.618,-1.45,-3.57,11,7,11,5,7,7,2677,2567,1380,885,2097,.422,267,751,.356,530,738,.718,372,1222,415,247,112,435,661
22,Baylor NCAA,35,27,8,.771,19.75,11.87,12,6,15,2,6,4,2550,2228,1400,794,1960,.405,222,687,.323,418,586,.713,351,1023,462,189,126,397,645
23,Belmont,30,23,7,.767,4.28,-1.69,15,1,12,1,11,4,2302,2078,1205,742,1739,.427,178,559,.318,416,558,.746,263,973,340,171,87,340,534
24,Bethune-Cookman,32,10,22,.313,-19.44,-11.21,6,10,7,7,2,13,2275,2490,1315,886,1889,.469,225,672,.335,493,733,.673,398,1279,528,186,123,467,523
25,Binghamton,32,12,20,.375,-11.99,-5.79,3,13,7,7,4,13,2175,2270,1285,815,1813,.450,248,687,.361,392,574,.683,294,1117,448,186,97,373,542
26,Boise State,32,20,12,.625,5.52,2.72,12,6,11,3,8,7,2404,2278,1280,775,1815,.427,183,544,.336,545,748,.729,296,1081,378,192,147,378,650
27,Boston College,32,9,23,.281,2.20,8.08,2,16,8,10,0,9,2320,2508,1280,864,1840,.470,229,647,.354,551,729,.756,263,1109,501,246,120,398,527
28,Boston University,32,18,14,.563,-2.43,-3.66,12,6,11,5,6,9,2339,2264,1300,769,1809,.425,274,755,.363,452,661,.684,321,1138,441,225,104,473,556
29,Bowling Green State,32,13,19,.406,-6.00,-2.00,7,11,10,7,3,12,2355,2453,1295,879,1893,.464,231,675,.342,464,638,.727,311,1210,420,201,126,472,663
30,Bradley,33,13,20,.394,-2.84,2.94,7,11,8,7,3,10,2163,2333,1325,775,1854,.418,248,725,.342,535,748,.715,359,1195,453,258,103,432,652
31,Brigham Young,34,22,12,.647,8.22,1.87,12,6,14,4,5,4,2741,2525,1360,906,2175,.417,274,846,.324,437,677,.645,349,1230,484,237,101,416,726
32,Brown,30,13,17,.433,-8.55,-4.08,4,10,9,7,4,8,2275,2338,1200,832,1669,.499,229,616,.372,445,623,.714,277,1017,444,209,127,474,660
33,Bryant,32,12,20,.375,-9.69,-5.43,9,9,9,5,2,15,2373,2478,1315,860,1904,.452,234,704,.332,524,713,.735,351,1175,432,197,118,407,599
34,Bucknell NCAA,35,26,9,.743,5.89,-2.48,15,3,14,2,9,6,2669,2376,1400,860,2017,.426,216,631,.342,440,667,.660,347,1176,424,246,105,487,673
35,Buffalo,32,17,15,.531,0.92,-1.01,11,7,8,4,8,7,2486,2375,1285,794,1914,.415,233,671,.347,554,812,.682,362,1144,405,204,106,410,630
36,Butler NCAA,34,25,9,.735,17.70,10.23,12,6,13,3,7,4,2595,2341,1370,818,1837,.445,231,693,.333,474,680,.697,293,1065,366,171,87,451,653
37,Cal Poly,31,11,20,.355,-10.71,-4.22,6,10,6,6,5,11,2082,2242,1250,791,1696,.466,184,471,.391,476,664,.717,300,1155,397,147,94,372,553
38,Cal State Bakersfield,35,25,10,.714,3.21,-1.94,12,2,12,1,11,6,2502,2235,1425,696,1874,.371,242,762,.318,601,870,.691,389,1232,385,213,118,584,686
39,Cal State Fullerton,32,17,15,.531,-7.55,-6.85,10,6,12,4,4,8,2351,2280,1315,771,1823,.423,212,639,.332,526,729,.722,297,1094,384,196,105,457,642
40,Cal State Northridge,30,11,19,.367,-8.34,-4.13,7,9,7,7,4,8,2341,2440,1200,842,1832,.460,209,541,.386,547,760,.720,340,1097,413,182,105,391,645
41,UC-Davis NCAA,36,23,13,.639,-5.21,-4.68,11,5,11,0,6,9,2525,2506,1455,889,2086,.426,253,768,.329,475,666,.713,347,1241,479,248,122,503,759
42,UC-Irvine,36,21,15,.583,0.18,-2.70,12,4,11,2,8,9,2514,2331,1450,779,2034,.383,221,682,.324,552,789,.700,352,1191,407,201,97,379,638
43,UC-Riverside,29,8,21,.276,-11.39,-3.87,5,11,5,8,3,12,1895,2016,1165,693,1660,.417,224,663,.338,406,560,.725,292,1056,401,161,82,396,514
44,UC-Santa Barbara,28,6,22,.214,-13.49,-2.00,4,12,5,8,1,12,1701,1987,1125,702,1572,.447,236,698,.338,347,502,.691,275,1049,449,151,87,326,452
45,University of California,34,21,13,.618,11.11,6.34,10,8,15,4,3,6,2316,2154,1380,757,1893,.400,202,616,.328,438,647,.677,292,1095,390,162,123,379,636
46,Campbell,37,19,18,.514,-9.68,-7.59,7,11,11,8,6,9,2653,2605,1490,896,2057,.436,245,726,.337,568,793,.716,347,1252,461,254,92,442,631
47,Canisius,34,18,16,.529,-2.82,-3.50,10,10,7,7,9,8,2665,2642,1370,962,1976,.487,229,668,.343,489,667,.733,359,1200,468,191,112,508,639
48,Central Arkansas,32,8,24,.250,-13.04,-3.76,7,11,5,6,3,16,2395,2692,1295,945,2031,.465,350,892,.392,452,650,.695,378,1210,598,206,96,366,581
49,Central Connecticut State,29,6,23,.207,-17.51,-7.68,4,14,3,9,3,14,1827,2112,1170,749,1602,.468,233,613,.380,381,555,.686,304,1026,414,183,113,392,540
50,Central Florida,36,24,12,.667,9.58,3.69,11,7,15,3,6,6,2414,2202,1445,793,2175,.365,273,873,.313,343,485,.707,370,1174,483,231,103,351,708
51,Central Michigan,32,16,16,.500,-5.76,-2.63,6,12,10,5,5,9,2826,2807,1295,1022,2222,.460,282,815,.346,481,688,.699,423,1366,466,188,109,398,654
52,Charleston Southern,31,12,19,.387,-12.28,-6.21,7,11,9,6,3,12,2304,2343,1255,795,1725,.461,238,663,.359,515,699,.737,267,1088,429,155,113,391,552
53,Charlotte,30,13,17,.433,-5.24,-0.93,7,11,10,5,3,9,2295,2407,1205,870,1860,.468,207,566,.366,460,656,.701,339,1204,408,190,100,413,563
54,Chattanooga,31,19,12,.613,1.10,-2.08,10,8,11,3,7,7,2314,2132,1245,748,1682,.445,175,511,.342,461,610,.756,325,1040,365,196,106,463,602
55,Chicago State,32,6,26,.188,-16.67,-0.19,1,13,3,7,2,17,2089,2511,1300,870,1870,.465,302,835,.362,469,664,.706,337,1278,565,194,124,435,579
56,Cincinnati NCAA,36,30,6,.833,18.43,5.49,16,2,18,0,8,3,2674,2208,1450,767,1974,.389,251,731,.343,423,575,.736,368,1162,405,130,113,475,606
57,Citadel,33,12,21,.364,-12.86,-2.93,4,14,8,8,3,12,2964,3121,1335,1106,2162,.512,282,728,.387,627,891,.704,410,1450,626,238,135,578,701
58,Clemson,33,17,16,.515,13.22,9.98,6,12,11,6,3,7,2468,2361,1325,875,1930,.453,254,713,.356,357,467,.764,360,1158,424,168,112,451,627
59,Cleveland State,31,9,22,.290,-6.73,-1.53,5,13,5,6,2,14,2083,2222,1260,771,1685,.458,212,606,.350,468,684,.684,324,1153,463,157,105,485,557
60,Coastal Carolina,39,20,19,.513,-3.94,-1.48,10,8,15,6,3,12,2833,2858,1570,979,2345,.417,369,1098,.336,531,751,.707,385,1449,512,232,131,470,700
61,Colgate,32,10,22,.313,-8.47,-3.60,8,10,4,8,6,12,2145,2273,1305,782,1732,.452,252,672,.375,457,660,.692,263,1049,419,239,100,380,560
62,College of Charleston,35,25,10,.714,3.99,-0.19,14,4,12,2,10,5,2416,2260,1405,813,1942,.419,229,744,.308,405,612,.662,360,1237,393,135,116,432,677
63,Colorado State,36,24,12,.667,6.03,2.17,13,5,15,5,7,5,2611,2447,1440,860,2115,.407,272,858,.317,455,663,.686,388,1274,418,198,109,418,717
64,Colorado,34,19,15,.559,9.12,6.00,8,10,13,4,4,9,2568,2455,1370,855,1978,.432,277,754,.367,468,662,.707,340,1171,423,192,131,407,717
65,Columbia,27,11,16,.407,-5.67,-3.13,5,9,7,6,4,10,1940,1964,1090,673,1552,.434,251,695,.361,367,536,.685,303,1001,417,158,99,385,485
66,Connecticut,33,16,17,.485,7.23,6.61,9,9,8,6,4,8,2220,2189,1330,754,1919,.393,255,763,.334,426,606,.703,376,1164,402,200,93,349,551
67,Coppin State,32,8,24,.250,-21.51,-8.01,7,9,5,6,3,16,2119,2521,1290,872,1856,.470,256,732,.350,521,747,.697,367,1291,460,186,109,433,657
68,Cornell,29,8,21,.276,-8.40,-1.55,4,10,3,8,4,12,2074,2238,1165,807,1769,.456,214,605,.354,410,556,.737,277,1030,405,220,101,323,485
69,Creighton NCAA,35,25,10,.714,17.27,8.95,10,8,13,4,7,4,2864,2549,1400,933,2134,.437,259,786,.330,424,615,.689,379,1257,449,234,103,489,608
70,Dartmouth,27,7,20,.259,-11.15,-3.45,4,10,3,9,4,11,1812,2020,1085,740,1575,.470,197,562,.351,343,484,.709,246,899,324,184,127,293,510
71,Davidson,32,17,15,.531,6.45,4.26,8,10,8,5,5,7,2362,2292,1290,810,1874,.432,241,632,.381,431,625,.690,318,1167,417,215,109,382,580
72,Dayton NCAA,32,24,8,.750,12.98,4.27,15,3,15,1,7,3,2428,2126,1285,731,1772,.413,227,699,.325,437,618,.707,312,1110,404,139,116,479,633
73,Delaware State,32,10,22,.313,-18.81,-9.37,7,9,4,7,6,14,2186,2399,1295,814,1826,.446,273,779,.350,498,689,.723,392,1232,487,207,105,458,541
74,Delaware,33,13,20,.394,-9.97,-1.42,5,13,9,5,3,12,2157,2381,1325,813,1823,.446,280,772,.363,475,711,.668,306,1155,483,188,118,330,562
75,Denver,30,16,14,.533,-2.99,-4.19,8,8,8,5,7,8,2275,2239,1210,756,1700,.445,236,659,.358,491,664,.739,257,933,349,206,101,323,586
76,DePaul,32,9,23,.281,2.09,7.78,2,16,8,10,1,9,2206,2388,1285,812,1743,.466,253,701,.361,511,700,.730,308,1101,493,204,106,444,622
77,Detroit Mercy,31,8,23,.258,-10.72,-1.62,6,12,5,9,3,13,2387,2630,1255,894,1789,.500,252,663,.380,590,853,.692,323,1164,456,201,121,455,632
78,Drake,31,7,24,.226,-4.71,1.91,5,13,6,9,1,11,2208,2390,1255,866,1878,.461,259,702,.369,399,574,.695,338,1185,430,211,129,384,527
79,Drexel,32,9,23,.281,-7.43,-2.56,3,15,5,8,4,14,2397,2508,1300,877,1899,.462,244,684,.357,510,739,.690,340,1186,447,207,112,405,604
80,Duke NCAA,37,28,9,.757,21.56,10.91,11,7,15,1,4,6,2991,2597,1480,959,2218,.432,187,639,.293,492,693,.710,399,1245,447,176,88,447,737
81,Duquesne,32,10,22,.313,-3.06,0.69,3,15,8,10,1,10,2256,2376,1280,843,1926,.438,237,661,.359,453,641,.707,357,1195,510,189,152,400,614
82,East Carolina,33,15,18,.455,-0.49,1.33,6,12,12,5,1,11,2088,2148,1320,771,1969,.392,218,670,.325,388,535,.725,397,1231,410,215,109,374,605
83,East Tennessee State NCAA,35,27,8,.771,7.31,-2.11,14,4,13,2,8,5,2782,2438,1415,819,1962,.417,274,773,.354,526,729,.722,340,1123,387,242,126,548,729
84,Eastern Illinois,29,14,15,.483,-5.35,-5.05,6,10,8,6,6,9,2169,2083,1195,718,1667,.431,197,557,.354,450,642,.701,330,1127,373,171,92,459,532
85,Eastern Kentucky,31,12,19,.387,-8.65,-2.44,5,11,8,6,3,12,2197,2330,1265,785,1770,.444,224,641,.349,536,734,.730,348,1155,437,228,95,428,605
86,Eastern Michigan,33,16,17,.485,-0.18,0.16,7,11,10,6,5,10,2566,2409,1330,772,1829,.422,242,730,.332,623,869,.717,403,1208,498,215,86,533,630
87,Eastern Washington,34,22,12,.647,-2.77,-4.43,13,5,15,1,6,10,2695,2592,1410,897,2031,.442,271,731,.371,527,733,.719,343,1154,464,218,91,359,660
88,Elon,32,18,14,.563,0.24,-1.39,10,8,10,4,6,8,2403,2292,1310,836,1989,.420,251,786,.319,369,524,.704,328,1199,352,191,100,353,581
89,Evansville,33,16,17,.485,1.45,2.42,6,12,13,4,2,9,2288,2261,1335,758,1800,.421,242,714,.339,503,712,.706,313,1111,420,181,155,420,683
90,Fairfield,31,16,15,.516,-4.75,-3.85,11,9,7,6,8,8,2251,2279,1250,830,1890,.439,210,634,.331,409,604,.677,329,1182,392,200,76,392,528
91,Fairleigh Dickinson,30,11,19,.367,-9.28,-5.31,9,9,7,4,3,14,2183,2250,1205,769,1704,.451,202,591,.342,510,734,.695,350,1105,437,185,76,412,563
92,Florida A&M,30,7,23,.233,-20.88,-11.85,5,11,4,10,3,11,2153,2365,1220,836,1834,.456,270,746,.362,423,626,.676,373,1246,432,203,83,426,599
93,Florida Atlantic,30,10,20,.333,-7.95,-1.98,6,12,5,9,5,8,2108,2221,1215,799,1772,.451,189,518,.365,434,624,.696,331,1186,339,178,92,391,516
94,Florida Gulf Coast NCAA,34,26,8,.765,2.26,-3.42,12,2,16,3,10,3,2701,2356,1370,830,1953,.425,232,757,.306,464,682,.680,347,1085,412,209,98,441,604
95,Florida International,31,7,24,.226,-8.10,-3.27,3,15,6,9,1,13,2178,2282,1270,809,1738,.465,214,604,.354,450,620,.726,283,1000,426,205,120,359,493
96,Florida State NCAA,35,26,9,.743,18.87,8.87,12,6,18,0,3,6,2873,2523,1400,857,2060,.416,259,743,.349,550,769,.715,382,1189,424,176,104,494,688
97,Florida NCAA,36,27,9,.750,22.40,11.01,14,4,9,1,8,4,2804,2394,1455,849,2070,.410,198,649,.305,498,705,.706,375,1266,347,200,101,533,746
98,Fordham,32,13,19,.406,-1.97,1.36,7,11,8,9,5,8,2090,2167,1300,732,1585,.462,218,608,.359,485,678,.715,293,1147,481,209,113,561,521
99,Fresno State,33,20,13,.606,4.37,2.31,11,7,13,2,6,10,2426,2315,1350,755,1817,.416,230,692,.332,575,810,.710,318,1145,405,197,102,486,677
100,Furman,35,23,12,.657,1.46,-3.75,14,4,11,3,12,8,2590,2319,1410,812,1915,.424,245,785,.312,450,643,.700,314,1130,418,209,80,473,615
101,Gardner-Webb,33,19,14,.576,-3.08,-5.71,11,7,9,5,8,8,2546,2319,1345,787,1885,.418,230,670,.343,515,748,.689,333,1127,448,216,120,496,676
102,George Mason,34,20,14,.588,3.01,1.28,9,9,10,7,7,5,2519,2437,1385,888,2090,.425,252,764,.330,409,587,.697,312,1123,461,206,138,344,642
103,George Washington,35,20,15,.571,2.37,2.11,10,8,14,3,5,8,2447,2438,1400,904,2031,.445,233,659,.354,397,546,.727,312,1132,507,243,113,379,636
104,Georgetown,32,14,18,.438,11.18,9.31,5,13,9,8,3,7,2369,2309,1290,798,1893,.422,199,614,.324,514,735,.699,364,1116,399,221,110,393,667
105,Georgia Southern,33,18,15,.545,-3.63,-2.83,11,7,10,4,6,11,2492,2420,1325,851,1962,.434,273,806,.339,445,667,.667,397,1306,440,158,107,451,637
106,Georgia State,33,20,13,.606,-0.33,-2.17,12,6,11,3,6,9,2442,2312,1325,758,1844,.411,274,846,.324,522,734,.711,336,1100,440,203,90,474,607
107,Georgia Tech,37,21,16,.568,7.82,8.21,8,10,16,4,3,10,2496,2472,1485,887,2231,.398,272,824,.330,426,608,.701,429,1343,490,252,145,485,662
108,Georgia,34,19,15,.559,11.13,10.28,9,9,12,6,5,7,2435,2393,1370,832,2024,.411,246,734,.335,483,692,.698,365,1184,393,217,119,402,689
109,Gonzaga NCAA,39,37,2,.949,25.26,4.13,17,1,15,1,10,0,3222,2398,1560,875,2400,.365,223,771,.289,425,646,.658,421,1312,378,209,120,475,770
110,Grambling,33,16,17,.485,-17.29,-11.89,10,8,11,2,4,12,2361,2412,1340,834,1761,.474,245,660,.371,499,736,.678,359,1222,462,198,115,572,657
111,Grand Canyon,31,22,9,.710,-0.16,-4.22,11,3,15,3,5,6,2282,2103,1250,759,1805,.420,206,632,.326,379,544,.697,308,1124,376,205,99,466,662
112,Green Bay,32,18,14,.563,-2.77,-2.83,12,6,10,3,7,9,2565,2479,1295,880,2037,.432,281,780,.360,438,658,.666,359,1252,449,197,99,485,651
113,Hampton,31,14,17,.452,-13.23,-9.92,11,5,9,4,5,11,2149,2219,1250,751,1729,.434,219,608,.360,498,733,.679,311,1111,333,175,99,454,581
114,Hartford,32,9,23,.281,-15.85,-5.56,4,12,6,8,3,15,2136,2465,1295,874,1923,.454,250,643,.389,467,671,.696,393,1278,511,207,115,419,567
115,Harvard,28,18,10,.643,2.30,-2.24,10,4,11,3,7,5,2012,1842,1120,634,1539,.412,168,537,.313,406,596,.681,292,960,341,186,71,356,493
116,Hawaii,30,14,16,.467,-6.19,-4.92,8,8,11,8,3,5,2042,2048,1210,726,1618,.449,181,534,.339,415,622,.667,273,1000,322,206,90,425,613
117,High Point,31,15,16,.484,-9.06,-6.28,9,9,8,8,7,7,2133,2136,1260,754,1715,.440,254,699,.363,374,552,.678,284,1037,399,209,117,419,599
118,Hofstra,32,15,17,.469,-2.35,-1.90,7,11,7,7,6,7,2473,2454,1290,904,1955,.462,242,661,.366,404,558,.724,326,1149,471,163,93,339,644
119,Holy Cross,32,15,17,.469,-5.26,-3.51,9,9,9,5,6,12,1932,1988,1285,702,1551,.453,248,724,.343,336,471,.713,297,1084,457,153,93,508,553
120,Houston Baptist,31,17,14,.548,-7.30,-4.44,12,6,13,1,4,12,2441,2398,1240,837,1825,.459,236,661,.357,488,662,.737,288,1016,439,215,107,417,623
121,Houston,32,21,11,.656,12.20,3.42,12,6,12,4,6,5,2358,2077,1285,701,1717,.408,218,662,.329,457,633,.722,342,1115,360,153,98,437,578
122,Howard,34,10,24,.294,-16.97,-7.97,5,11,6,6,2,16,2163,2433,1360,841,1973,.426,258,727,.355,495,711,.696,418,1289,487,234,106,426,710
123,Idaho State,31,5,26,.161,-15.10,-3.37,3,15,4,7,1,16,2164,2486,1250,879,1827,.481,289,730,.396,439,610,.720,322,1154,454,206,102,402,593
124,Idaho,33,19,14,.576,-5.34,-5.89,12,6,12,3,6,10,2412,2346,1350,752,1810,.415,276,788,.350,566,764,.741,283,1094,396,178,104,410,667
125,Illinois-Chicago,36,17,19,.472,-5.95,-3.63,7,11,10,8,5,9,2749,2754,1455,984,2329,.422,245,686,.357,541,739,.732,425,1313,507,272,139,447,738
126,Illinois State,35,28,7,.800,10.30,2.71,17,1,16,1,9,4,2418,2146,1405,733,1934,.379,246,750,.328,434,627,.692,369,1206,387,204,91,448,576
127,Illinois,35,20,15,.571,10.54,9.25,8,10,14,5,3,7,2508,2417,1405,869,2002,.434,245,734,.334,434,597,.727,311,1161,396,186,97,448,651
128,Incarnate Word,29,12,17,.414,-12.14,-5.62,7,11,10,5,2,12,2212,2320,1165,829,1798,.461,165,487,.339,497,684,.727,343,1127,393,201,107,363,583
129,Indiana State,31,11,20,.355,-1.02,3.18,5,13,8,6,3,10,2170,2255,1275,758,1807,.419,209,560,.373,530,766,.692,343,1267,369,173,129,401,547
130,Indiana,34,18,16,.529,14.63,8.16,7,11,14,4,2,8,2711,2491,1390,867,2021,.429,233,692,.337,524,743,.705,355,1081,410,214,136,379,650
131,Iona NCAA,35,22,13,.629,1.08,-2.47,12,8,8,4,7,7,2813,2689,1415,951,2183,.436,280,776,.361,507,729,.695,429,1345,504,170,101,461,602
132,Iowa State NCAA,35,24,11,.686,20.51,11.94,12,6,12,3,5,6,2829,2529,1425,933,2178,.428,270,781,.346,393,558,.704,416,1339,484,167,121,491,578
133,Iowa,34,19,15,.559,10.01,7.54,10,8,15,5,3,7,2738,2654,1395,976,2195,.445,289,807,.358,413,603,.685,427,1303,587,265,117,486,673
134,Fort Wayne,33,20,13,.606,0.38,-3.19,8,8,14,3,6,9,2869,2602,1340,900,2031,.443,327,854,.383,475,636,.747,277,1089,490,209,82,467,559
135,IUPUI,32,14,18,.438,-4.29,-1.62,7,9,8,4,5,13,2500,2517,1290,860,1823,.472,227,628,.361,570,754,.756,296,1129,429,185,129,438,639
136,Jackson State,32,14,18,.438,-15.42,-11.55,10,8,10,4,4,13,2066,2142,1290,696,1602,.434,188,565,.333,562,782,.719,282,1096,375,161,97,441,574
137,Jacksonville State NCAA,35,20,15,.571,-2.85,-3.24,9,7,5,5,10,9,2434,2378,1410,816,1955,.417,268,716,.374,478,663,.721,343,1116,400,210,106,381,626
138,Jacksonville,33,17,16,.515,-10.21,-8.45,5,9,7,7,8,9,2557,2477,1325,882,1857,.475,281,750,.375,432,648,.667,296,1101,452,186,99,483,615
139,James Madison,33,10,23,.303,-5.64,-1.83,7,11,6,9,3,13,2194,2299,1335,775,1767,.439,262,757,.346,487,679,.717,275,1025,418,202,88,391,605
140,Kansas State NCAA,35,21,14,.600,14.80,10.48,8,10,11,5,5,6,2523,2372,1405,827,1921,.431,250,654,.382,468,642,.729,382,1171,459,220,114,525,682
141,Kansas NCAA,36,31,5,.861,23.53,12.23,16,2,14,1,10,1,2995,2588,1455,924,2200,.420,268,753,.356,472,660,.715,401,1234,461,245,132,483,673
142,Kennesaw State,32,14,18,.438,-8.44,-5.97,7,7,8,5,6,13,2401,2456,1280,885,1876,.472,220,590,.373,466,689,.676,315,1101,390,212,97,398,585
143,Kent State NCAA,36,22,14,.611,0.88,-1.63,10,8,10,6,7,5,2772,2628,1465,931,2139,.435,265,761,.348,501,713,.703,385,1238,483,214,86,502,705
144,Kentucky NCAA,38,32,6,.842,23.88,10.49,16,2,15,2,7,3,3225,2716,1525,979,2309,.424,235,768,.306,523,774,.676,388,1332,431,182,127,544,867
145,La Salle,30,15,15,.500,1.91,2.94,9,9,11,4,4,8,2266,2297,1220,810,1733,.467,262,665,.394,415,573,.724,276,998,450,185,87,375,548
146,Lafayette,30,9,21,.300,-14.68,-3.50,5,13,5,10,4,11,1995,2282,1205,807,1766,.457,292,771,.379,376,549,.685,301,1120,448,229,65,388,540
147,Lamar,34,19,15,.559,-7.36,-7.93,10,8,12,3,6,11,2623,2434,1375,853,1850,.461,187,580,.322,541,767,.705,330,1162,452,199,154,545,694
148,Lehigh,32,20,12,.625,1.54,-3.30,12,6,12,2,8,10,2432,2261,1295,816,1879,.434,249,718,.347,380,519,.732,269,1029,431,204,82,420,567
149,Liberty,35,21,14,.600,-5.51,-6.16,14,4,14,5,7,8,2331,2220,1415,738,1702,.434,241,719,.335,503,698,.721,252,1179,378,158,84,499,607
150,Lipscomb,33,20,13,.606,-1.55,-4.45,11,3,11,5,9,6,2804,2562,1325,872,1967,.443,243,699,.348,575,828,.694,361,1171,432,224,106,514,734
151,Long Beach State,34,15,19,.441,-5.98,-0.60,9,7,10,2,3,15,2549,2666,1385,939,2028,.463,263,696,.378,525,749,.701,384,1236,471,232,141,469,690
152,Long Island University,32,20,12,.625,-7.80,-8.51,13,5,8,5,9,6,2278,2218,1295,766,1796,.427,222,633,.351,464,659,.704,330,1058,388,198,124,434,642
153,Longwood,30,6,24,.200,-21.23,-6.16,3,15,5,9,1,15,2018,2408,1200,874,1833,.477,249,628,.396,411,590,.697,361,1141,422,238,73,380,480
154,Louisiana,33,21,12,.636,-0.64,-3.28,10,8,12,4,8,7,2704,2518,1325,905,1913,.473,230,639,.360,478,686,.697,298,1059,411,202,109,495,685
155,Louisiana-Monroe,33,9,24,.273,-7.88,-2.56,2,16,6,8,2,12,2198,2299,1350,816,1881,.434,239,671,.356,428,633,.676,333,1156,426,201,128,373,530
156,Louisiana State,31,10,21,.323,0.53,8.69,2,16,8,8,1,10,2319,2572,1240,897,1899,.472,277,724,.383,501,698,.718,349,1143,476,215,112,383,556
157,Louisiana Tech,33,23,10,.697,5.20,-4.35,14,4,15,2,6,7,2557,2203,1325,810,1955,.414,230,671,.343,353,517,.683,314,1130,456,189,103,457,576
158,Louisville NCAA,34,25,9,.735,22.47,11.15,12,6,16,1,5,5,2628,2243,1370,760,1894,.401,213,674,.316,510,734,.695,348,1139,367,169,117,460,622
159,Loyola (IL),32,18,14,.563,5.15,1.02,8,10,13,3,3,9,2348,2137,1300,766,1716,.446,212,582,.364,393,554,.709,263,1032,375,173,104,463,560
160,Loyola Marymount,30,15,15,.500,-0.47,1.60,8,10,10,7,5,7,2113,2125,1205,718,1599,.449,197,567,.347,492,688,.715,294,1043,433,185,104,447,557
161,Loyola (MD),33,16,17,.485,-6.32,-3.60,8,10,10,4,6,11,2175,2249,1330,810,1748,.463,189,574,.329,440,613,.718,289,1058,418,235,142,478,650
162,Maine,32,7,25,.219,-16.33,-4.01,3,13,4,9,3,14,2069,2400,1280,861,1866,.461,234,648,.361,444,616,.721,310,1191,448,212,111,369,512
163,Manhattan,32,10,22,.313,-9.67,-2.61,5,15,7,7,3,13,2259,2485,1305,796,1759,.453,224,571,.392,669,940,.712,330,1126,479,209,125,468,685
164,Marist,32,8,24,.250,-12.33,-2.74,5,15,5,8,2,14,2223,2530,1290,879,1909,.460,250,663,.377,522,707,.738,374,1228,474,204,99,350,614
165,Marquette NCAA,32,19,13,.594,15.26,8.60,10,8,14,3,4,6,2631,2418,1285,859,1871,.459,235,639,.368,465,667,.697,319,1077,511,210,114,418,548
166,Marshall,35,20,15,.571,0.18,-1.05,10,8,13,3,4,11,2997,2939,1415,1104,2393,.461,242,704,.344,489,742,.659,469,1474,521,214,117,462,714
167,Maryland-Baltimore County,34,21,13,.618,-3.84,-5.87,9,7,13,5,8,8,2759,2624,1390,922,2031,.454,274,775,.354,506,700,.723,320,1205,477,190,82,436,636
168,Maryland-Eastern Shore,34,14,20,.412,-13.77,-7.61,9,7,7,4,5,14,2424,2583,1380,880,1938,.454,263,745,.353,562,794,.708,398,1321,499,187,117,482,626
169,Maryland NCAA,33,24,9,.727,12.79,8.29,12,6,13,5,8,2,2438,2246,1325,797,1917,.416,212,628,.338,440,626,.703,383,1160,369,202,118,418,646
170,Massachusetts-Lowell,31,11,20,.355,-10.13,-6.40,5,11,8,6,2,14,2429,2517,1255,872,1882,.463,255,695,.367,518,704,.736,329,1080,477,269,82,408,574
171,Massachusetts,33,15,18,.455,1.63,1.66,4,14,11,7,3,10,2371,2372,1320,783,1897,.413,212,615,.345,594,844,.704,368,1220,453,221,95,472,603
172,McNeese State,29,7,22,.241,-14.28,-4.12,4,14,4,10,3,12,2043,2292,1165,796,1774,.449,196,562,.349,504,702,.718,380,1193,428,184,93,384,569
173,Memphis,32,19,13,.594,6.47,3.19,9,9,14,4,4,7,2367,2262,1290,794,1879,.423,246,729,.337,428,623,.687,352,1161,433,185,132,435,608
174,Mercer,32,15,17,.469,-1.12,-0.92,9,9,8,7,6,7,2269,2184,1295,735,1771,.415,272,790,.344,442,592,.747,316,999,430,180,105,328,591
175,Miami (FL) NCAA,33,21,12,.636,14.48,9.57,10,8,14,2,4,6,2278,2116,1325,761,1817,.419,208,631,.330,386,522,.739,318,1043,395,197,101,392,553
176,Miami (OH),32,11,21,.344,-8.16,-2.10,4,14,10,8,1,13,2249,2384,1290,796,1842,.432,271,782,.347,521,709,.735,357,1223,392,259,115,484,639
177,Michigan State NCAA,35,20,15,.571,13.67,10.50,10,8,14,2,2,7,2515,2404,1405,832,2027,.410,229,662,.346,511,704,.726,349,1150,446,211,105,380,658
178,Michigan NCAA,38,26,12,.684,18.80,10.17,10,8,15,3,3,8,2851,2523,1535,958,2060,.465,224,593,.378,383,560,.684,348,1210,438,162,95,478,650
179,Middle Tennessee NCAA,36,31,5,.861,9.80,-0.48,17,1,13,2,11,2,2697,2299,1445,791,1882,.420,219,678,.323,498,700,.711,286,1088,400,171,85,476,602
180,Milwaukee,35,11,24,.314,-7.37,-2.17,4,14,5,8,2,13,2347,2494,1430,891,1915,.465,267,757,.353,445,634,.702,291,1175,479,203,124,408,580
181,Minnesota NCAA,34,24,10,.706,14.56,8.82,11,7,17,3,5,5,2556,2361,1390,857,2142,.400,220,712,.309,427,626,.682,415,1312,460,192,124,429,687
182,Mississippi State,32,16,16,.500,7.12,5.90,6,12,10,7,2,8,2320,2281,1285,792,1852,.428,199,632,.315,498,701,.710,354,1182,373,164,108,448,560
183,Mississippi Valley State,32,7,25,.219,-20.54,-7.11,7,11,5,4,2,20,2235,2665,1295,935,1910,.490,286,751,.381,509,722,.705,368,1250,521,237,117,456,600
184,Mississippi,36,22,14,.611,9.65,7.99,10,8,13,6,6,6,2807,2747,1450,938,2204,.426,321,884,.363,550,785,.701,414,1313,557,244,131,501,756
185,Missouri-Kansas City,35,18,17,.514,-4.97,-1.06,8,6,12,5,4,10,2691,2753,1405,951,2081,.457,257,759,.339,594,873,.680,389,1317,490,222,97,522,709
186,Missouri State,33,17,16,.515,2.84,1.18,7,11,11,6,4,8,2403,2277,1345,801,1844,.434,224,656,.341,451,601,.750,268,1026,436,196,86,371,614
187,Missouri,32,8,24,.250,2.98,6.73,2,16,6,11,0,9,2213,2333,1290,779,1821,.428,247,719,.344,528,775,.681,351,1259,397,168,145,439,670
188,Monmouth,34,27,7,.794,4.94,-2.62,18,2,13,2,12,4,2761,2504,1375,853,2097,.407,266,796,.334,532,748,.711,399,1299,444,201,151,498,697
189,Montana State,32,16,16,.500,-6.14,-5.88,11,7,12,5,4,10,2561,2532,1320,815,1815,.449,263,702,.375,639,900,.710,310,1184,401,185,99,429,704
190,Montana,32,16,16,.500,-2.67,-4.02,11,7,8,5,7,8,2391,2348,1290,802,1737,.462,202,585,.345,542,772,.702,283,1082,362,166,130,404,605
191,Morehead State,30,14,16,.467,-3.60,-1.85,10,6,10,4,4,11,2370,2311,1215,780,1689,.462,261,679,.384,490,697,.703,269,981,401,156,108,440,526
192,Morgan State,30,14,16,.467,-15.03,-11.20,11,5,9,5,5,10,2025,2121,1210,749,1710,.438,163,570,.286,460,699,.658,336,1129,418,210,113,433,593
193,Mount St. Mary's NCAA,36,20,16,.556,-4.29,-3.51,14,4,11,4,8,11,2446,2474,1445,923,2039,.453,190,558,.341,438,664,.660,427,1351,405,230,99,534,674
194,Murray State,33,16,17,.485,-3.06,-4.41,8,8,10,4,3,11,2639,2543,1350,879,1955,.450,260,722,.360,525,742,.708,346,1201,439,191,107,434,640
195,Navy,32,16,16,.500,-4.11,-3.92,10,8,11,5,5,9,2076,2055,1285,708,1557,.455,223,625,.357,414,600,.690,244,960,416,242,93,497,616
196,Omaha,32,18,14,.563,-2.24,-1.11,9,7,8,4,8,9,2685,2673,1295,941,2031,.463,291,788,.369,500,678,.737,355,1209,492,214,125,481,682
197,Nebraska,31,12,19,.387,6.47,10.74,6,12,8,8,3,8,2168,2264,1260,805,1800,.447,240,601,.399,414,593,.698,323,1125,411,192,148,422,564
198,Nevada-Las Vegas,32,11,21,.344,-3.75,2.59,4,14,9,10,2,9,2202,2405,1295,882,1957,.451,256,677,.378,385,559,.689,317,1216,442,196,145,377,664
199,Nevada NCAA,35,28,7,.800,10.49,2.03,14,4,13,1,8,4,2792,2496,1405,920,2149,.428,236,762,.310,420,607,.692,341,1229,478,193,78,397,724
200,New Hampshire,32,20,12,.625,-3.57,-4.46,10,6,11,4,9,8,2277,2118,1300,786,1848,.425,214,665,.322,330,524,.630,251,1032,356,197,94,336,589
201,New Mexico State NCAA,34,28,6,.824,4.66,-3.82,11,3,17,1,8,4,2678,2310,1365,827,1972,.419,188,640,.294,468,686,.682,371,1124,359,178,65,466,736
202,New Mexico,31,17,14,.548,3.04,2.07,10,8,11,4,5,7,2283,2253,1245,766,1771,.433,261,708,.369,460,667,.690,307,1049,436,233,102,416,651
203,New Orleans NCAA,32,20,12,.625,-4.10,-5.34,13,5,11,3,7,8,2331,2215,1300,792,1793,.442,209,661,.316,422,614,.687,349,1016,405,269,106,521,684
204,Niagara,33,10,23,.303,-8.34,-4.37,6,14,5,8,3,13,2448,2579,1335,921,2090,.441,268,733,.366,469,643,.729,385,1268,509,195,135,382,634
205,Nicholls State,31,14,17,.452,-14.57,-5.23,7,11,10,3,4,14,2316,2464,1255,882,1882,.469,258,649,.398,442,645,.685,402,1230,501,195,113,475,611
206,NJIT,31,11,20,.355,-10.12,-4.22,3,11,8,4,2,15,2253,2320,1245,814,1773,.459,254,677,.375,438,623,.703,250,1046,439,196,89,416,585
207,Norfolk State,34,17,17,.500,-12.07,-8.57,12,4,10,2,5,12,2374,2430,1380,822,2024,.406,266,785,.339,520,795,.654,380,1244,465,201,128,418,653
208,North Carolina-Asheville,33,23,10,.697,0.84,-5.61,15,3,13,1,10,8,2544,2261,1345,815,1814,.449,249,702,.355,382,581,.657,298,1142,454,178,107,547,586
209,North Carolina A&T,32,3,29,.094,-23.07,-9.61,1,15,3,10,0,18,2056,2435,1300,817,1840,.444,291,768,.379,510,711,.717,371,1110,522,186,125,312,540
210,North Carolina Central NCAA,34,25,9,.735,-3.18,-12.12,13,3,11,2,11,6,2542,2159,1360,788,2007,.393,210,724,.290,373,576,.648,416,1225,359,155,92,474,608
211,North Carolina-Greensboro,35,25,10,.714,-0.10,-2.63,14,4,13,4,8,5,2628,2424,1400,832,1942,.428,258,719,.359,502,673,.746,361,1119,441,225,106,486,605
212,North Carolina State,32,15,17,.469,6.09,8.09,4,14,11,7,2,8,2483,2547,1290,918,2039,.450,268,726,.369,443,619,.716,380,1156,450,208,93,361,576
213,North Carolina-Wilmington NCAA,35,29,6,.829,8.06,-0.55,15,3,13,1,11,3,2967,2624,1405,938,1964,.478,192,568,.338,556,777,.716,320,1184,433,171,97,504,662
214,North Carolina NCAA,40,33,7,.825,24.84,11.76,14,4,16,0,6,5,3377,2824,1605,982,2377,.413,319,939,.340,541,746,.725,362,1258,458,249,177,544,778
215,North Dakota State,30,19,11,.633,-1.31,-2.63,11,5,11,2,7,7,2244,2146,1215,757,1764,.429,251,660,.380,379,535,.708,301,1046,407,171,88,369,574
216,North Dakota NCAA,32,22,10,.688,-1.83,-5.45,14,4,11,2,7,6,2578,2357,1300,824,1858,.443,215,612,.351,494,715,.691,310,1123,369,201,75,479,654
217,North Florida,34,15,19,.441,-7.78,-1.65,8,6,10,5,4,13,2637,2674,1360,960,2143,.448,257,718,.358,497,725,.686,410,1224,511,273,112,408,654
218,North Texas,30,8,22,.267,-11.14,-3.32,2,16,7,11,1,11,2075,2258,1205,784,1815,.432,231,678,.341,459,616,.745,347,1163,413,207,108,398,548
219,Northeastern,31,15,16,.484,-0.78,-0.91,8,10,7,4,7,10,2234,2230,1255,806,1773,.455,235,646,.364,383,550,.696,284,1051,424,180,111,359,571
220,Northern Arizona,32,9,23,.281,-13.92,-5.95,6,12,5,7,2,12,2217,2436,1285,879,1913,.459,253,750,.337,425,617,.689,303,1145,459,220,101,386,631
221,Northern Colorado,29,11,18,.379,-9.27,-4.20,7,11,6,6,4,11,2075,2167,1170,763,1677,.455,222,631,.352,419,588,.713,253,1047,361,179,103,375,574
222,Northern Illinois,32,15,17,.469,-3.29,-2.05,7,11,9,8,6,9,2310,2261,1310,777,1786,.435,256,738,.347,451,675,.668,311,1109,443,189,102,477,658
223,Northern Iowa,30,14,16,.467,1.29,5.22,9,9,9,4,3,9,1854,1931,1215,697,1624,.429,230,635,.362,307,409,.751,271,1099,365,174,65,415,553
224,Northern Kentucky NCAA,35,24,11,.686,-0.17,-2.84,12,6,12,2,8,7,2659,2507,1400,918,2087,.440,227,699,.325,444,628,.707,322,1165,417,207,146,427,643
225,Northwestern State,29,13,16,.448,-12.03,-6.07,7,11,7,6,5,10,2204,2301,1170,816,1737,.470,228,605,.377,441,663,.665,325,1065,477,203,94,424,628
226,Northwestern NCAA,36,24,12,.667,14.02,8.43,10,8,14,4,5,5,2558,2357,1440,817,2025,.403,233,698,.334,490,732,.669,404,1275,428,206,139,430,640
227,Notre Dame NCAA,36,26,10,.722,17.81,9.78,12,6,16,2,5,4,2783,2494,1445,914,2118,.432,250,739,.338,416,565,.736,387,1278,467,188,146,456,575
228,Oakland,34,25,9,.735,4.22,-3.00,14,4,13,4,11,3,2699,2419,1365,882,2166,.407,225,703,.320,430,614,.700,388,1246,451,217,109,483,665
229,Ohio State,32,17,15,.531,10.31,7.28,7,11,13,6,4,7,2329,2232,1285,791,1902,.416,278,780,.356,372,560,.664,351,1119,417,158,98,387,615
230,Ohio,31,20,11,.645,3.90,-2.56,11,7,12,4,7,6,2387,2166,1240,768,1853,.414,218,675,.323,412,602,.684,326,1149,337,182,86,417,611
231,Oklahoma State NCAA,33,20,13,.606,19.19,12.22,9,9,11,5,7,5,2828,2589,1320,875,1856,.471,235,641,.367,604,834,.724,345,1083,451,213,142,491,683
232,Oklahoma,31,11,20,.355,11.42,12.62,5,13,8,7,1,9,2262,2299,1265,806,1871,.431,259,711,.364,428,627,.683,344,1152,416,218,139,415,579
233,Old Dominion,31,19,12,.613,1.94,-1.35,12,6,11,4,7,5,1998,1896,1250,632,1579,.400,202,601,.336,430,609,.706,265,1015,319,154,100,400,570
234,Oral Roberts,30,8,22,.267,-5.51,1.24,4,12,7,6,1,13,2252,2398,1210,857,1832,.468,277,698,.397,407,576,.707,307,1109,475,204,94,357,524
235,Oregon State,32,5,27,.156,-4.59,5.89,1,17,5,11,0,13,2021,2321,1285,798,1793,.445,237,661,.359,488,696,.701,350,1128,439,259,99,376,578
236,Oregon NCAA,39,33,6,.846,20.80,8.38,16,2,17,0,7,3,3076,2565,1565,932,2311,.403,273,873,.313,428,595,.719,408,1274,456,186,133,516,742
237,Pacific,33,11,22,.333,-4.57,2.09,4,14,8,8,2,12,2206,2371,1325,800,1782,.449,259,734,.353,512,736,.696,268,1159,481,168,140,383,642
238,Penn State,33,15,18,.455,7.90,8.90,6,12,9,7,3,7,2367,2400,1345,856,1990,.430,246,677,.363,442,620,.713,370,1282,440,217,134,491,609
239,Pennsylvania,28,13,15,.464,-0.65,-1.50,6,8,6,6,7,8,1928,1904,1125,650,1561,.416,222,617,.360,382,524,.729,294,998,355,159,86,381,448
240,Pepperdine,31,9,22,.290,-10.00,1.87,5,13,7,7,1,12,2140,2490,1240,910,1874,.486,292,698,.418,378,535,.707,299,1129,513,191,118,337,566
241,Pittsburgh,33,16,17,.485,9.25,11.06,4,14,11,6,2,8,2404,2464,1340,910,2028,.449,261,734,.356,383,540,.709,354,1153,498,173,113,322,616
242,Portland State,31,15,16,.484,-7.06,-6.63,7,11,10,3,4,12,2645,2535,1280,900,1873,.481,276,747,.369,459,632,.726,322,1173,510,183,85,527,624
243,Portland,33,11,22,.333,-5.81,2.32,2,16,5,10,2,9,2215,2383,1335,846,1971,.429,290,814,.356,401,578,.694,373,1209,460,199,125,382,643
244,Prairie View,33,13,20,.394,-14.54,-8.48,10,8,10,3,3,17,2276,2419,1330,806,1756,.459,213,610,.349,594,861,.690,383,1253,426,179,127,502,576
245,Presbyterian,30,5,25,.167,-23.63,-5.95,1,17,5,8,0,17,1836,2245,1205,766,1674,.458,285,734,.388,428,607,.705,321,1053,429,251,112,348,507
246,Princeton NCAA,30,23,7,.767,6.57,-1.84,14,0,10,1,10,4,2149,1843,1205,652,1568,.416,195,587,.332,344,499,.689,238,1002,317,134,78,394,458
247,Providence NCAA,33,20,13,.606,11.24,7.84,10,8,15,3,4,7,2319,2207,1325,810,1840,.440,207,631,.328,380,562,.676,322,1142,392,206,96,454,629
248,Purdue NCAA,35,27,8,.771,20.13,8.79,14,4,15,2,6,4,2790,2393,1415,902,2145,.421,242,728,.332,347,491,.707,313,1088,451,228,109,411,666
249,Quinnipiac,31,10,21,.323,-9.86,-3.22,7,13,6,8,3,10,2377,2583,1250,899,1936,.464,239,629,.380,546,739,.739,342,1178,497,242,106,393,617
250,Radford,32,14,18,.438,-11.34,-4.58,8,10,8,6,4,11,2090,2247,1300,826,1851,.446,214,600,.357,381,551,.691,300,1060,382,223,118,327,498
251,Rhode Island NCAA,35,25,10,.714,12.88,4.62,13,5,13,3,7,5,2577,2288,1405,762,1875,.406,166,563,.295,598,845,.708,373,1212,353,184,104,459,692
252,Rice,35,23,12,.657,0.51,-4.16,11,7,13,6,9,5,2853,2650,1415,942,2146,.439,229,693,.330,537,760,.707,341,1213,456,252,96,472,745
253,Richmond,35,22,13,.629,5.45,3.28,13,5,12,5,8,6,2596,2520,1410,890,2012,.442,229,714,.321,511,697,.733,373,1279,472,197,105,492,625
254,Rider,33,18,15,.545,-5.34,-5.28,10,10,7,5,9,9,2498,2500,1325,859,2007,.428,247,732,.337,535,721,.742,339,1191,449,236,118,444,669
255,Robert Morris,33,14,19,.424,-8.56,-5.13,9,9,6,7,6,12,2125,2238,1325,777,1773,.438,162,545,.297,522,754,.692,354,1227,390,212,129,548,689
256,Rutgers,33,15,18,.455,3.69,6.22,3,15,10,6,3,10,2163,2215,1325,778,1882,.413,232,709,.327,427,594,.719,356,1158,448,216,167,427,605
257,Sacramento State,31,13,18,.419,-10.69,-5.58,9,9,8,5,4,10,2204,2303,1260,827,1828,.452,235,616,.381,414,584,.709,307,1085,442,175,90,333,596
258,Sacred Heart,32,13,19,.406,-10.95,-7.52,8,10,6,8,6,10,2326,2436,1305,871,1895,.460,258,681,.379,436,631,.691,310,1117,405,261,132,459,642
259,Saint Francis (PA),34,17,17,.500,-8.13,-7.65,11,7,8,6,9,11,2577,2533,1375,924,2157,.428,312,853,.366,373,512,.729,407,1244,492,227,116,457,577
260,Saint Joseph's,31,11,20,.355,0.14,3.69,4,14,6,8,4,9,2155,2265,1250,779,1795,.434,281,805,.349,426,584,.729,283,1111,453,173,92,392,633
261,Saint Louis,33,12,21,.364,-6.09,1.85,6,12,10,8,1,10,2026,2288,1330,784,1787,.439,240,674,.356,480,688,.698,305,1178,496,209,129,367,598
262,Saint Mary's (CA) NCAA,34,29,5,.853,16.75,2.19,16,2,15,2,10,1,2449,1954,1360,738,1792,.412,149,496,.300,329,476,.691,245,903,297,190,82,318,548
263,Saint Peter's,36,23,13,.639,1.60,-3.60,14,6,9,5,11,7,2376,2189,1450,782,1881,.416,247,775,.319,378,549,.689,305,1175,419,184,107,481,644
264,Sam Houston State,34,21,13,.618,-7.55,-6.35,10,8,14,2,5,9,2526,2424,1365,782,1835,.426,233,679,.343,627,863,.727,306,1176,424,216,114,554,706
265,Samford,36,20,16,.556,-1.87,-3.70,8,10,10,6,8,9,2834,2733,1490,961,2241,.429,298,900,.331,513,715,.717,419,1277,591,244,134,449,733
266,San Diego State,33,19,14,.576,6.88,1.47,9,9,10,4,3,9,2260,2064,1325,715,1845,.388,219,676,.324,415,587,.707,342,1157,366,175,116,426,627
267,San Diego,31,13,18,.419,-5.78,0.92,6,12,7,10,6,7,2025,2210,1265,785,1710,.459,225,615,.366,415,608,.683,257,1059,378,147,108,312,571
268,San Francisco,33,20,13,.606,3.80,0.42,10,8,12,4,5,7,2362,2222,1320,793,1879,.422,207,618,.335,429,626,.685,318,1163,377,174,127,440,561
269,San Jose State,30,14,16,.467,-2.84,1.74,7,11,9,7,5,8,2195,2245,1205,776,1688,.460,191,551,.347,502,672,.747,244,1028,391,179,89,416,585
270,Santa Clara,33,17,16,.515,2.69,2.03,10,8,11,6,5,7,2204,2158,1340,769,1703,.452,211,560,.377,409,596,.686,256,1116,416,127,91,409,548
271,Savannah State,29,13,16,.448,-16.04,-8.44,10,6,7,4,6,10,2485,2665,1165,960,2123,.452,307,926,.332,438,653,.671,457,1411,585,184,132,461,584
272,Seattle,30,13,17,.433,-8.36,-3.95,5,9,9,7,3,9,2091,2141,1225,727,1803,.403,249,790,.315,438,606,.723,344,1137,472,224,101,414,579
273,Seton Hall NCAA,33,21,12,.636,12.10,9.25,10,8,12,2,4,6,2417,2323,1335,811,1872,.433,214,628,.341,487,677,.719,295,1087,398,231,114,403,642
274,Siena,34,17,17,.500,-2.00,-2.23,12,8,10,4,5,12,2549,2541,1365,901,2014,.447,224,661,.339,515,714,.721,354,1135,430,221,127,415,696
275,South Alabama,32,14,18,.438,-6.57,-2.90,7,11,10,7,4,10,2286,2322,1300,793,1793,.442,237,681,.348,499,716,.697,342,1215,436,174,105,520,650
276,South Carolina State,31,11,20,.355,-18.37,-6.61,7,9,6,4,4,14,2167,2486,1250,886,1832,.484,218,631,.345,496,696,.713,366,1180,447,140,113,389,530
277,South Carolina Upstate,33,17,16,.515,-7.64,-5.23,7,7,8,8,7,8,2575,2530,1335,919,2106,.436,264,794,.332,426,585,.728,372,1209,526,196,62,363,598
278,South Carolina NCAA,37,26,11,.703,17.52,10.16,12,6,15,3,6,5,2707,2414,1505,789,1969,.401,208,687,.303,628,868,.724,382,1304,363,222,142,632,777
279,South Dakota State NCAA,35,18,17,.514,-2.30,-0.66,8,8,11,3,3,12,2683,2697,1415,963,2140,.450,369,990,.373,402,557,.722,356,1195,510,235,106,400,721
280,South Dakota,34,22,12,.647,-0.42,-2.08,12,4,13,1,7,7,2639,2513,1365,888,2048,.434,273,744,.367,464,639,.726,330,1235,442,174,133,465,681
281,South Florida,30,7,23,.233,-7.28,2.39,1,17,6,11,1,11,1945,2235,1205,740,1724,.429,281,708,.397,474,692,.685,373,1119,474,247,131,398,515
282,Southeast Missouri State,33,15,18,.455,-5.89,-4.28,9,7,10,4,4,11,2460,2464,1330,857,1793,.478,264,719,.367,486,684,.711,310,1163,474,155,99,519,601
283,Southeastern Louisiana,32,16,16,.500,-7.36,-8.13,9,9,11,3,5,12,2268,2182,1280,752,1747,.430,202,589,.343,476,682,.698,324,1033,378,200,127,486,660
284,Southern California NCAA,36,26,10,.722,11.48,6.40,10,8,14,3,6,5,2816,2633,1445,973,2243,.434,301,819,.368,386,538,.717,408,1272,522,200,115,452,673
285,SIU Edwardsville,30,6,24,.200,-12.25,-3.29,1,15,3,10,2,13,2044,2282,1210,787,1688,.466,176,535,.329,532,727,.732,278,1051,444,190,107,394,659
286,Southern Illinois,33,17,16,.515,1.09,2.65,9,9,11,6,5,9,2260,2289,1340,812,1817,.447,266,672,.396,399,606,.658,345,1164,417,171,113,453,610
287,Southern Methodist NCAA,35,30,5,.857,18.71,4.45,17,1,18,0,8,3,2599,2100,1400,745,1928,.386,282,878,.321,328,474,.692,329,1035,415,172,105,409,633
288,Southern Mississippi,31,9,22,.290,-13.40,-2.78,6,12,8,6,1,12,1952,2239,1260,776,1765,.440,282,763,.370,405,585,.692,272,1138,466,184,124,362,523
289,Southern Utah,33,6,27,.182,-15.58,-5.39,3,15,3,10,2,14,2559,2814,1335,917,1922,.477,290,753,.385,690,959,.719,327,1232,504,187,145,414,722
290,Southern,33,15,18,.455,-14.48,-11.68,10,8,11,4,4,13,2360,2401,1325,849,1988,.427,206,653,.315,495,742,.667,425,1206,370,193,135,407,631
291,St. Bonaventure,32,20,12,.625,5.95,1.48,11,7,11,4,5,5,2459,2316,1290,778,1801,.432,243,689,.353,517,747,.692,352,1101,444,165,121,475,659
292,St. Francis (NY),31,4,27,.129,-19.24,-6.54,2,16,3,10,0,16,1921,2284,1250,795,1676,.474,161,457,.352,533,783,.681,338,1293,377,166,106,434,585
293,St. John's (NY),33,14,19,.424,6.45,8.39,7,11,9,5,4,9,2534,2598,1320,904,1963,.461,249,665,.374,541,771,.702,390,1286,495,207,107,500,676
294,Stanford,31,14,17,.452,6.39,8.59,6,12,10,5,1,10,2162,2204,1245,751,1691,.444,258,676,.382,444,640,.694,277,1030,440,192,114,445,586
295,Stephen F. Austin,33,18,15,.545,-7.01,-5.75,12,6,12,2,4,10,2289,2271,1330,772,1712,.451,208,592,.351,519,763,.680,306,1013,399,239,102,534,673
296,Stetson,32,11,21,.344,-14.21,-5.45,3,11,7,7,4,13,2471,2654,1285,964,2122,.454,267,769,.347,459,660,.695,401,1382,485,164,123,370,613
297,Stony Brook,32,18,14,.563,-4.71,-5.05,12,4,10,6,7,8,2215,2204,1280,747,1702,.439,232,618,.375,478,682,.701,303,1158,363,142,75,423,623
298,Syracuse,34,19,15,.559,13.70,8.47,10,8,17,4,2,8,2594,2416,1370,867,2014,.430,295,861,.343,387,586,.660,431,1216,582,210,89,456,611
299,Temple,32,16,16,.500,4.84,5.09,7,11,9,7,4,8,2269,2277,1295,807,1875,.430,226,658,.343,437,601,.727,369,1212,437,172,126,404,486
300,Tennessee-Martin,35,22,13,.629,-4.70,-4.34,10,6,14,2,7,10,2693,2630,1415,931,2097,.444,321,918,.350,447,631,.708,402,1154,538,226,97,477,633
301,Tennessee State,30,17,13,.567,-1.57,-2.96,8,8,7,5,8,7,2134,2032,1220,637,1567,.407,248,712,.348,510,737,.692,288,980,383,167,89,471,637
302,Tennessee Tech,32,12,20,.375,-7.60,-4.17,8,8,7,8,5,11,2317,2340,1300,788,1817,.434,249,724,.344,515,697,.739,336,1163,471,184,109,467,649
303,Tennessee,32,16,16,.500,11.28,10.18,8,10,11,6,4,7,2383,2335,1285,783,1832,.427,219,616,.356,550,787,.699,355,1184,384,191,121,447,677
304,Texas A&M-Corpus Christi,36,24,12,.667,-2.97,-5.79,12,6,16,2,7,9,2715,2574,1455,874,1994,.438,285,827,.345,541,790,.685,388,1253,473,255,96,587,740
305,Texas A&M,31,16,15,.516,10.36,7.97,8,10,11,5,3,7,2176,2102,1240,739,1829,.404,249,708,.352,375,514,.730,361,1029,426,205,104,360,539
306,Texas-Arlington,36,27,9,.750,5.92,-0.87,14,4,14,1,12,7,2818,2516,1440,859,2081,.413,300,942,.318,498,762,.654,399,1273,464,242,117,525,682
307,Texas Christian,39,24,15,.615,15.64,10.95,6,12,15,6,4,8,2914,2718,1570,988,2230,.443,273,757,.361,469,685,.685,392,1260,580,226,149,509,709
308,Texas-El Paso,32,15,17,.469,-3.13,-2.51,12,6,8,8,5,6,2217,2202,1300,746,1770,.421,243,718,.338,467,690,.677,279,1088,433,186,63,391,607
309,Texas-Rio Grande Valley,32,10,22,.313,-11.44,-3.68,2,12,7,7,1,14,2505,2665,1305,884,1881,.470,239,655,.365,658,968,.680,370,1274,534,232,85,525,615
310,Texas-San Antonio,33,14,19,.424,-7.42,-3.03,8,10,11,3,2,15,2178,2291,1320,796,1832,.434,237,677,.350,462,685,.674,276,1163,431,193,131,406,629
311,Texas Southern NCAA,35,23,12,.657,-6.41,-7.81,16,2,10,0,11,11,2593,2544,1410,940,2113,.445,196,603,.325,466,682,.683,441,1310,453,182,118,473,742
312,Texas State,36,22,14,.611,-2.23,-4.29,11,7,13,4,5,9,2407,2256,1455,780,1891,.412,213,676,.315,483,673,.718,349,1197,369,198,134,484,656
313,Texas Tech,32,18,14,.563,14.11,7.86,6,12,16,3,1,9,2346,2146,1300,731,1690,.433,255,718,.355,429,602,.713,261,956,370,165,80,436,625
314,Texas,33,11,22,.333,10.99,12.75,4,14,10,7,0,11,2215,2273,1320,820,1932,.424,218,669,.326,415,580,.716,367,1183,396,213,104,414,606
315,Toledo,34,17,17,.500,1.16,-0.90,9,9,12,4,4,10,2675,2567,1410,986,2140,.461,208,647,.321,387,567,.683,316,1141,424,232,133,351,687
316,Towson,33,20,13,.606,1.84,-1.28,11,7,12,3,6,8,2447,2285,1335,740,1769,.418,240,705,.340,563,820,.687,296,1043,378,178,135,437,703
317,Troy NCAA,37,22,15,.595,-0.47,-3.36,10,8,10,4,6,10,2889,2667,1485,933,2182,.428,295,869,.339,506,703,.720,380,1267,464,222,119,463,705
318,Tulane,31,6,25,.194,-3.98,4.25,3,15,4,10,2,10,2179,2434,1255,843,1788,.471,235,616,.381,513,730,.703,344,1185,424,193,115,440,568
319,Tulsa,32,15,17,.469,2.45,5.29,8,10,10,5,3,9,2158,2249,1285,786,1810,.434,254,707,.359,423,600,.705,316,1062,389,226,134,400,648
320,UCLA NCAA,36,31,5,.861,20.67,6.39,15,3,16,1,8,2,3233,2719,1440,1000,2371,.422,310,849,.365,409,602,.679,413,1257,468,226,64,423,615
321,Utah State,32,15,17,.469,2.90,2.46,7,11,11,5,3,8,2337,2248,1285,789,1871,.422,237,712,.333,433,621,.697,309,1089,446,203,97,360,573
322,Utah Valley,34,17,17,.500,-1.22,-2.44,6,8,8,5,8,11,2615,2479,1385,886,2135,.415,222,702,.316,485,722,.672,331,1288,455,234,94,471,701
323,Utah,32,20,12,.625,12.45,4.32,11,7,14,4,5,6,2511,2180,1290,787,1887,.417,216,632,.342,390,573,.681,281,998,367,200,103,385,610
324,Valparaiso,33,24,9,.727,3.94,-1.59,14,4,15,2,7,6,2465,2274,1330,801,1935,.414,243,733,.332,429,619,.693,326,1114,435,203,105,426,654
325,Vanderbilt NCAA,35,19,16,.543,13.69,10.72,10,8,11,5,5,6,2489,2385,1405,862,2028,.425,226,669,.338,435,622,.699,339,1209,399,193,104,379,587
326,Vermont NCAA,35,29,6,.829,6.67,-3.27,16,0,16,1,11,3,2571,2174,1400,812,1918,.423,199,596,.334,351,498,.705,315,1066,363,186,95,453,644
327,Villanova NCAA,36,32,4,.889,23.80,9.28,15,3,14,1,9,2,2779,2256,1440,846,2018,.419,251,807,.311,313,445,.703,336,1073,482,185,73,475,656
328,Virginia Commonwealth NCAA,35,26,9,.743,11.57,3.77,14,4,15,1,7,4,2616,2343,1420,800,1897,.422,202,597,.338,541,776,.697,334,1185,371,192,129,515,678
329,VMI,30,6,24,.200,-13.91,-1.80,3,15,5,9,1,14,2057,2346,1200,826,1709,.483,244,616,.396,450,671,.671,308,1125,450,213,74,390,483
330,Virginia Tech NCAA,33,22,11,.667,12.77,8.38,10,8,15,2,4,6,2610,2465,1330,902,2029,.445,264,728,.363,397,554,.717,359,1146,450,179,129,383,633
331,Virginia NCAA,34,23,11,.676,20.63,10.93,11,7,12,4,7,5,2246,1916,1380,658,1653,.398,209,658,.318,391,559,.699,264,1022,333,168,91,432,500
332,Wagner,30,16,14,.533,-7.13,-7.89,11,7,8,7,8,7,2047,1973,1215,670,1640,.409,197,587,.336,436,630,.692,326,967,352,169,75,366,583
333,Wake Forest NCAA,33,19,14,.576,14.19,9.80,9,9,11,3,5,8,2733,2588,1320,891,1948,.457,270,755,.358,536,740,.724,323,1109,470,199,125,385,699
334,Washington State,31,13,18,.419,0.13,6.87,6,12,9,7,2,7,2179,2376,1245,881,1917,.460,248,705,.352,366,527,.694,322,1125,450,177,90,314,512
335,Washington,31,9,22,.290,2.15,6.82,2,16,7,9,1,11,2368,2513,1245,898,1926,.466,236,591,.399,481,669,.719,345,1091,470,219,118,372,571
336,Weber State,34,20,14,.588,-2.32,-5.13,12,6,10,3,7,8,2714,2505,1380,937,2075,.452,197,557,.354,434,587,.739,366,1197,404,165,77,406,702
337,West Virginia NCAA,37,28,9,.757,24.45,9.67,12,6,16,2,6,4,3014,2467,1505,826,1948,.424,250,708,.353,565,827,.683,393,1274,442,209,142,740,792
338,Western Carolina,32,9,23,.281,-15.30,-0.70,4,14,6,8,3,13,1965,2347,1280,770,1731,.445,248,699,.355,557,794,.702,309,1137,457,268,127,432,536
339,Western Illinois,28,8,20,.286,-11.00,-2.38,5,11,5,8,3,11,2012,2151,1145,729,1671,.436,214,527,.406,479,656,.730,244,1051,376,182,72,289,484
340,Western Kentucky,32,15,17,.469,-5.80,-2.89,9,9,11,3,4,12,2209,2302,1280,853,1887,.452,266,722,.368,330,467,.707,297,1104,472,173,92,343,574
341,Western Michigan,32,16,16,.500,-0.78,-0.55,11,7,13,2,3,9,2417,2408,1285,858,1824,.470,247,684,.361,445,631,.705,275,1068,448,193,96,423,636
342,Wichita State NCAA,36,31,5,.861,21.24,2.96,17,1,16,1,9,1,2916,2246,1440,754,2000,.377,241,775,.311,497,718,.692,321,1154,373,189,120,488,752
343,William & Mary,31,17,14,.548,-0.14,-0.73,10,8,13,1,3,12,2534,2411,1250,838,1898,.442,270,775,.348,465,659,.706,319,1077,412,197,114,343,583
344,Winthrop NCAA,33,26,7,.788,1.34,-6.12,15,3,13,3,12,3,2615,2322,1350,811,1990,.408,219,700,.313,481,666,.722,355,1207,331,199,108,462,644
345,Wisconsin NCAA,37,27,10,.730,19.40,9.40,12,6,15,2,5,5,2678,2308,1500,822,1992,.413,251,667,.376,413,559,.739,313,1142,375,197,115,473,678
346,Wofford,33,16,17,.485,-0.71,-1.08,10,8,11,2,4,10,2593,2479,1350,881,1868,.472,216,632,.342,501,688,.728,303,1092,409,210,90,411,604
347,Wright State,32,20,12,.625,-1.02,-2.42,11,7,12,4,8,7,2465,2317,1290,804,1821,.442,242,716,.338,467,662,.705,287,1055,384,216,97,462,690
348,Wyoming,38,23,15,.605,2.83,0.55,8,10,19,3,3,10,2961,2833,1545,957,2381,.402,257,828,.310,662,914,.724,409,1495,427,259,111,460,809
349,Xavier NCAA,38,24,14,.632,14.80,11.51,9,9,12,4,4,8,2836,2711,1525,964,2144,.450,283,847,.334,500,716,.698,327,1188,530,243,143,454,807
350,Yale,29,18,11,.621,0.21,-2.19,9,5,10,3,7,7,2151,2028,1165,744,1736,.429,218,663,.329,322,453,.711,300,959,385,192,105,341,506
351,Youngstown State,34,13,21,.382,-9.75,-2.56,5,13,7,7,3,12,2616,2801,1390,1034,2239,.462,280,810,.346,451,628,.718,397,1381,555,200,114,418,599
